190 106 0.000002
190 97 0.000002
190 71 0.000002
190 98 0.000002
190 99 0.000002
190 78 0.000001
190 92 0.000002
190 103 0.000002
190 62 0.000002
190 96 0.000002
190 120 0.000002
190 82 0.000002
190 92 0.000002
190 104 0.000002
190 119 0.000002
190 61 0.000016
190 89 0.000001
190 93 0.000001
190 85 0.000002
190 115 0.000002
190 110 0.000002
190 128 0.000002
190 132 0.000002
190 106 0.000002
190 110 0.000001
190 98 0.000002
190 82 0.000002
190 126 0.000002
190 66 0.000002
190 114 0.000001
190 80 0.000001
190 114 0.000002
190 132 0.000002
190 100 0.000002
190 91 0.000002
190 108 0.000002
190 125 0.000002
190 99 0.000002
190 105 0.000002
190 94 0.000002
190 90 0.000002
190 73 0.000002
190 93 0.000002
190 106 0.000001
190 81 0.000001
190 115 0.000001
190 94 0.000002
190 93 0.000002
190 90 0.000001
190 68 0.000001
190 94 0.000005
190 88 0.000002
190 96 0.000002
190 101 0.000002
190 84 0.000002
190 104 0.000002
190 102 0.000002
190 110 0.000002
190 89 0.000002
190 101 0.000002
190 86 0.000002
190 80 0.000002
190 82 0.000002
190 57 0.000002
190 86 0.000002
190 88 0.000002
190 74 0.000002
190 78 0.000002
190 106 0.000002
190 92 0.000002
190 102 0.000002
190 111 0.000002
190 99 0.000001
190 78 0.000001
190 85 0.000001
190 99 0.000002
190 96 0.000002
190 100 0.000002
190 111 0.000002
190 92 0.000002
190 73 0.000002
190 106 0.000002
190 88 0.000002
190 105 0.000002
190 77 0.000002
190 122 0.000002
190 118 0.000002
190 100 0.000002
190 69 0.000002
190 92 0.000002
190 106 0.000002
190 117 0.000002
190 79 0.000002
190 104 0.000002
190 65 0.000001
190 76 0.000001
190 91 0.000001
190 88 0.000001
190 94 0.000002
190 80 0.000001

780 333 0.000005
780 396 0.000006
780 309 0.000006
780 361 0.000005
780 494 0.000005
780 366 0.000005
780 337 0.000005
780 426 0.000005
780 365 0.000005
780 350 0.000005
780 392 0.000006
780 455 0.000006
780 373 0.000005
780 425 0.000006
780 336 0.000005
780 453 0.000005
780 353 0.000005
780 457 0.000005
780 386 0.000005
780 459 0.000006
780 392 0.000006
780 344 0.000006
780 441 0.000006
780 333 0.000005
780 396 0.000005
780 411 0.000005
780 371 0.000006
780 415 0.000006
780 430 0.000005
780 448 0.000005
780 346 0.000006
780 416 0.000006
780 352 0.000005
780 372 0.000006
780 439 0.000005
780 432 0.000006
780 363 0.000005
780 394 0.000005
780 373 0.000005
780 379 0.000005
780 370 0.000005
780 357 0.000005
780 432 0.000006
780 389 0.000005
780 356 0.000006
780 383 0.000006
780 446 0.000005
780 420 0.000005
780 448 0.000005
780 401 0.000006
780 380 0.000006
780 351 0.000005
780 369 0.000005
780 417 0.000005
780 450 0.000006
780 367 0.000005
780 362 0.000005
780 319 0.000006
780 301 0.000005
780 374 0.000005
780 358 0.000005
780 402 0.000006
780 388 0.000006
780 359 0.000005
780 315 0.000006
780 435 0.000005
780 369 0.000005
780 326 0.000005
780 417 0.000006
780 361 0.000005
780 476 0.000005
780 444 0.000006
780 383 0.000006
780 391 0.000006
780 440 0.000006
780 441 0.000005
780 405 0.000006
780 398 0.000006
780 338 0.000006
780 384 0.000006
780 304 0.000005
780 458 0.000005
780 365 0.000006
780 380 0.000005
780 441 0.000006
780 393 0.000006
780 436 0.000006
780 434 0.000006
780 264 0.000005
780 375 0.000005
780 377 0.000005
780 371 0.000005
780 398 0.000006
780 387 0.000006
780 349 0.000006
780 415 0.000005
780 395 0.000005
780 400 0.000006
780 411 0.000006
780 313 0.000005

3160 1446 0.000018
3160 1683 0.000019
3160 1496 0.000019
3160 1494 0.000017
3160 1530 0.000018
3160 1595 0.000019
3160 1650 0.000027
3160 1638 0.000019
3160 1616 0.000021
3160 1425 0.000027
3160 1585 0.000009
3160 1775 0.000009
3160 1598 0.000009
3160 1571 0.000009
3160 1524 0.000008
3160 1509 0.000010
3160 1617 0.000008
3160 1664 0.000010
3160 1620 0.000009
3160 1488 0.000009
3160 1380 0.000009
3160 1546 0.000009
3160 1526 0.000009
3160 1409 0.000009
3160 1549 0.000009
3160 1613 0.000009
3160 1641 0.000008
3160 1621 0.000009
3160 1520 0.000010
3160 1720 0.000009
3160 1633 0.000009
3160 1248 0.000009
3160 1457 0.000010
3160 1460 0.000010
3160 1689 0.000009
3160 1489 0.000009
3160 1538 0.000009
3160 1593 0.000009
3160 1537 0.000009
3160 1501 0.000010
3160 1772 0.000009
3160 1488 0.000008
3160 1372 0.000009
3160 1663 0.000009
3160 1442 0.000009
3160 1569 0.000009
3160 1519 0.000009
3160 1448 0.000009
3160 1320 0.000008
3160 1878 0.000009
3160 1517 0.000009
3160 1608 0.000009
3160 1366 0.000009
3160 1787 0.000009
3160 1674 0.000009
3160 1549 0.000010
3160 1425 0.000010
3160 1428 0.000009
3160 1590 0.000009
3160 1690 0.000009
3160 1469 0.000009
3160 1873 0.000009
3160 1832 0.000009
3160 1487 0.000008
3160 1672 0.000009
3160 1517 0.000010
3160 1655 0.000009
3160 1394 0.000010
3160 1692 0.000010
3160 1526 0.000009
3160 1641 0.000010
3160 1507 0.000009
3160 1550 0.000009
3160 1721 0.000009
3160 1588 0.000009
3160 1548 0.000009
3160 1690 0.000009
3160 1608 0.000009
3160 1790 0.000009
3160 1559 0.000009
3160 1614 0.000010
3160 1475 0.000009
3160 1476 0.000009
3160 1855 0.000010
3160 1359 0.000008
3160 1482 0.000009
3160 1561 0.000009
3160 1921 0.000009
3160 1588 0.000008
3160 1549 0.000010
3160 1689 0.000009
3160 1617 0.000009
3160 1680 0.000010
3160 1819 0.000009
3160 1629 0.000009
3160 1621 0.000010
3160 1640 0.000008
3160 1636 0.000009
3160 1478 0.000009
3160 1658 0.000009

12720 6780 0.000032
12720 5862 0.000033
12720 6411 0.000031
12720 6376 0.000031
12720 6133 0.000031
12720 6658 0.000032
12720 6080 0.000030
12720 5839 0.000031
12720 6492 0.000031
12720 5899 0.000030
12720 6683 0.000031
12720 6041 0.000031
12720 6062 0.000032
12720 6215 0.000030
12720 6102 0.000031
12720 6454 0.000031
12720 6712 0.000033
12720 5992 0.000030
12720 6745 0.000030
12720 7029 0.000032
12720 6543 0.000031
12720 6633 0.000030
12720 6057 0.000030
12720 6375 0.000030
12720 5767 0.000030
12720 6312 0.000031
12720 6448 0.000032
12720 6252 0.000032
12720 6094 0.000030
12720 6653 0.000030
12720 5692 0.000031
12720 6267 0.000031
12720 6838 0.000031
12720 6372 0.000029
12720 6585 0.000034
12720 6882 0.000030
12720 6607 0.000031
12720 6195 0.000031
12720 6400 0.000030
12720 6814 0.000031
12720 6735 0.000031
12720 6038 0.000031
12720 6340 0.000029
12720 6873 0.000031
12720 6064 0.000031
12720 6675 0.000030
12720 6090 0.000030
12720 6770 0.000031
12720 6619 0.000033
12720 6341 0.000030
12720 6714 0.000030
12720 5785 0.000031
12720 6400 0.000032
12720 6128 0.000030
12720 5977 0.000030
12720 6522 0.000032
12720 5996 0.000029
12720 6102 0.000031
12720 6641 0.000030
12720 5571 0.000030
12720 6048 0.000031
12720 6414 0.000032
12720 6041 0.000029
12720 6744 0.000031
12720 6062 0.000030
12720 6257 0.000030
12720 6183 0.000030
12720 6217 0.000033
12720 6365 0.000030
12720 6477 0.000030
12720 6049 0.000031
12720 5945 0.000030
12720 6642 0.000030
12720 6492 0.000032
12720 6068 0.000032
12720 6151 0.000029
12720 6153 0.000029
12720 6569 0.000032
12720 6431 0.000030
12720 6621 0.000031
12720 7008 0.000031
12720 6349 0.000030
12720 6026 0.000030
12720 6971 0.000031
12720 6785 0.000031
12720 6716 0.000030
12720 6144 0.000030
12720 6122 0.000031
12720 6287 0.000032
12720 6533 0.000030
12720 6187 0.000030
12720 5771 0.000040
12720 6211 0.000030
12720 6593 0.000030
12720 6029 0.000031
12720 6757 0.000032
12720 6506 0.000030
12720 6884 0.000033
12720 6956 0.000031
12720 6291 0.000033

51040 25435 0.000103
51040 24560 0.000104
51040 25372 0.000103
51040 26826 0.000104
51040 24436 0.000106
51040 25252 0.000105
51040 25453 0.000104
51040 25139 0.000102
51040 24657 0.000107
51040 24430 0.000107
51040 23912 0.000105
51040 25397 0.000103
51040 26183 0.000105
51040 25051 0.000105
51040 24122 0.000104
51040 25342 0.000107
51040 26696 0.000109
51040 25055 0.000105
51040 26404 0.000104
51040 23614 0.000106
51040 24809 0.000107
51040 25888 0.000108
51040 24675 0.000105
51040 26789 0.000109
51040 25407 0.000106
51040 26494 0.000108
51040 23790 0.000103
51040 24907 0.000104
51040 26322 0.000106
51040 24767 0.000106
51040 26291 0.000106
51040 25957 0.000102
51040 26541 0.000103
51040 25272 0.000105
51040 25139 0.000108
51040 24985 0.000106
51040 26263 0.000104
51040 25775 0.000105
51040 23386 0.000107
51040 23964 0.000106
51040 24349 0.000106
51040 24700 0.000104
51040 25028 0.000105
51040 25199 0.000106
51040 25736 0.000105
51040 26943 0.000104
51040 25951 0.000109
51040 24356 0.000104
51040 26145 0.000114
51040 25259 0.000106
51040 26056 0.000108
51040 25537 0.000107
51040 25365 0.000107
51040 24077 0.000104
51040 24518 0.000106
51040 25161 0.000104
51040 25608 0.000105
51040 25840 0.000108
51040 26713 0.000105
51040 26015 0.000109
51040 24639 0.000106
51040 25198 0.000104
51040 25022 0.000105
51040 25752 0.000107
51040 24400 0.000107
51040 26046 0.000106
51040 26487 0.000106
51040 25550 0.000104
51040 25384 0.000107
51040 25849 0.000107
51040 25501 0.000113
51040 25887 0.000109
51040 25339 0.000102
51040 25585 0.000107
51040 26288 0.000104
51040 24839 0.000107
51040 25679 0.000107
51040 26821 0.000105
51040 25532 0.000106
51040 25387 0.000106
51040 27338 0.000105
51040 26862 0.000106
51040 25452 0.000106
51040 24647 0.000106
51040 26729 0.000106
51040 26428 0.000116
51040 25101 0.000114
51040 24254 0.000124
51040 24799 0.000098
51040 28221 0.000099
51040 25551 0.000154
51040 26862 0.000100
51040 24042 0.000147
51040 25674 0.000114
51040 25609 0.000097
51040 25050 0.000097
51040 24720 0.000098
51040 27449 0.000099
51040 24797 0.000099
51040 26133 0.000166

204480 99869 0.000362
204480 101334 0.000360
204480 105147 0.000442
204480 106759 0.000360
204480 104663 0.000356
204480 103230 0.000408
204480 105043 0.000358
204480 101871 0.000387
204480 98327 0.000387
204480 101081 0.000360
204480 105695 0.000357
204480 99786 0.000431
204480 100669 0.000361
204480 105547 0.000390
204480 104763 0.000411
204480 108103 0.000390
204480 102077 0.000395
204480 107339 0.000391
204480 104394 0.000413
204480 105056 0.000394
204480 102150 0.000380
204480 103779 0.000388
204480 106552 0.000383
204480 100759 0.000394
204480 104391 0.000375
204480 100844 0.000365
204480 101683 0.000360
204480 101695 0.000360
204480 95629 0.000360
204480 105047 0.000358
204480 101016 0.000357
204480 96125 0.000359
204480 100755 0.000354
204480 99664 0.000358
204480 101807 0.000368
204480 101130 0.000356
204480 102315 0.000361
204480 105566 0.000359
204480 101417 0.000360
204480 96268 0.000611
204480 102119 0.000358
204480 104763 0.000358
204480 103343 0.000357
204480 105211 0.000356
204480 103323 0.000356
204480 101224 0.000359
204480 103071 0.000361
204480 101827 0.000357
204480 101991 0.000366
204480 106183 0.000353
204480 102010 0.000362
204480 101098 0.000358
204480 101280 0.000361
204480 100625 0.000390
204480 102298 0.000361
204480 103693 0.000364
204480 99967 0.000357
204480 103764 0.000359
204480 101903 0.000361
204480 105300 0.000361
204480 106118 0.000362
204480 100148 0.000367
204480 100975 0.000358
204480 101568 0.000358
204480 104742 0.000389
204480 104502 0.000362
204480 104811 0.000353
204480 104081 0.000361
204480 99112 0.000358
204480 100403 0.000363
204480 101046 0.000363
204480 102244 0.000358
204480 101705 0.000364
204480 104417 0.000358
204480 104916 0.000358
204480 103627 0.000385
204480 101316 0.000365
204480 99760 0.000358
204480 100584 0.000359
204480 98667 0.000364
204480 102424 0.000355
204480 101160 0.000357
204480 98974 0.000362
204480 98459 0.000588
204480 104941 0.000370
204480 102561 0.000430
204480 101695 0.000356
204480 100595 0.000364
204480 100902 0.000362
204480 105844 0.000364
204480 102372 0.000360
204480 104275 0.000366
204480 98480 0.000357
204480 104519 0.000359
204480 102883 0.000360
204480 102652 0.000357
204480 102630 0.000390
204480 99212 0.000357
204480 101839 0.000356
204480 104485 0.000354

818560 408566 0.001382
818560 398276 0.001366
818560 412783 0.001373
818560 427376 0.001374
818560 411033 0.001389
818560 399734 0.001365
818560 406205 0.001355
818560 420714 0.001614
818560 424201 0.001363
818560 417656 0.001356
818560 410500 0.001375
818560 403964 0.001350
818560 404875 0.001353
818560 408675 0.001357
818560 403234 0.001356
818560 407697 0.001357
818560 399596 0.001367
818560 402983 0.001364
818560 398282 0.001373
818560 407095 0.001620
818560 400216 0.001360
818560 427884 0.001362
818560 407475 0.001359
818560 406885 0.001358
818560 424694 0.001349
818560 432613 0.001358
818560 406536 0.001377
818560 413712 0.001379
818560 416439 0.001362
818560 410795 0.001355
818560 407572 0.001358
818560 405184 0.001615
818560 408279 0.001355
818560 406825 0.001373
818560 399623 0.001372
818560 409540 0.001349
818560 419088 0.001368
818560 406574 0.001370
818560 413799 0.001365
818560 412605 0.001366
818560 391160 0.001366
818560 405345 0.001343
818560 419253 0.001355
818560 421769 0.001613
818560 406658 0.001354
818560 406773 0.001360
818560 396670 0.001371
818560 390565 0.001361
818560 412296 0.001374
818560 409746 0.001356
818560 411840 0.001351
818560 408100 0.001461
818560 408349 0.001451
818560 399723 0.001458
818560 402867 0.001445
818560 418614 0.001620
818560 418272 0.001455
818560 408913 0.001461
818560 416432 0.001440
818560 403109 0.001470
818560 407101 0.001458
818560 406584 0.001467
818560 408357 0.001468
818560 403984 0.001448
818560 414008 0.001574
818560 407789 0.001371
818560 407804 0.001746
818560 424476 0.001501
818560 401021 0.001450
818560 422810 0.001394
818560 416664 0.001378
818560 417486 0.001350
818560 403813 0.001399
818560 400786 0.001369
818560 407110 0.001364
818560 403898 0.001387
818560 405998 0.001370
818560 396176 0.001368
818560 408174 0.001634
818560 399764 0.001358
818560 414456 0.001399
818560 415644 0.001357
818560 407455 0.001357
818560 416915 0.001391
818560 415989 0.001368
818560 403195 0.001367
818560 397246 0.001387
818560 408446 0.001348
818560 405548 0.001382
818560 403882 0.001617
818560 406839 0.001382
818560 413930 0.001370
818560 414578 0.001421
818560 405441 0.001365
818560 413226 0.001373
818560 405636 0.001381
818560 417987 0.001367
818560 416303 0.001366
818560 410989 0.001400
818560 412099 0.001368

3275520 1635049 0.005860
3275520 1675742 0.005452
3275520 1632244 0.005517
3275520 1663541 0.005747
3275520 1601030 0.005538
3275520 1630964 0.005529
3275520 1665036 0.005746
3275520 1571833 0.005568
3275520 1603243 0.005572
3275520 1622723 0.005772
3275520 1655176 0.005903
3275520 1650771 0.005900
3275520 1641793 0.006077
3275520 1643872 0.005709
3275520 1632364 0.006091
3275520 1601319 0.005599
3275520 1625088 0.005532
3275520 1640280 0.005807
3275520 1669130 0.005519
3275520 1623683 0.005605
3275520 1664261 0.005797
3275520 1637645 0.005548
3275520 1619482 0.005532
3275520 1654612 0.005759
3275520 1628123 0.005574
3275520 1683683 0.005466
3275520 1665597 0.005745
3275520 1633578 0.005479
3275520 1648024 0.005497
3275520 1626913 0.005711
3275520 1610232 0.005520
3275520 1638369 0.005592
3275520 1621623 0.006043
3275520 1657300 0.005877
3275520 1618824 0.005944
3275520 1658048 0.006130
3275520 1641420 0.005986
3275520 1654091 0.005522
3275520 1635740 0.007128
3275520 1636060 0.005607
3275520 1698624 0.005493
3275520 1617696 0.005865
3275520 1661457 0.005556
3275520 1646118 0.005817
3275520 1633244 0.005597
3275520 1624002 0.005517
3275520 1632185 0.005768
3275520 1639422 0.005523
3275520 1701769 0.005507
3275520 1664795 0.005764
3275520 1628479 0.005515
3275520 1654152 0.005542
3275520 1596282 0.005781
3275520 1660953 0.005529
3275520 1638552 0.005770
3275520 1655369 0.006038
3275520 1648085 0.005953
3275520 1653086 0.005931
3275520 1659017 0.006172
3275520 1649991 0.005510
3275520 1626819 0.005603
3275520 1645304 0.005813
3275520 1634303 0.005577
3275520 1647152 0.005500
3275520 1675219 0.005750
3275520 1643072 0.005590
3275520 1612008 0.005595
3275520 1600448 0.005855
3275520 1656418 0.005477
3275520 1681149 0.005488
3275520 1609837 0.005764
3275520 1618718 0.005565
3275520 1627243 0.005512
3275520 1629910 0.005803
3275520 1644083 0.005492
3275520 1626937 0.005526
3275520 1645344 0.005902
3275520 1671515 0.005884
3275520 1619466 0.005920
3275520 1640769 0.005869
3275520 1641438 0.005810
3275520 1691782 0.005941
3275520 1670444 0.005525
3275520 1646867 0.005510
3275520 1667374 0.005848
3275520 1610520 0.005515
3275520 1639836 0.005587
3275520 1598890 0.005810
3275520 1626026 0.005591
3275520 1637883 0.005508
3275520 1604520 0.005755
3275520 1636051 0.005503
3275520 1656875 0.005520
3275520 1662486 0.005728
3275520 1662331 0.005485
3275520 1672503 0.005528
3275520 1664193 0.005724
3275520 1640475 0.005455
3275520 1655983 0.005545
3275520 1643508 0.006022

13104640 6540181 0.028041
13104640 6521465 0.026698
13104640 6528993 0.026593
13104640 6605900 0.026238
13104640 6585744 0.027111
13104640 6666568 0.027134
13104640 6546903 0.026621
13104640 6579679 0.026446
13104640 6565717 0.026171
13104640 6508486 0.027918
13104640 6673713 0.026777
13104640 6507687 0.026674
13104640 6529598 0.026430
13104640 6664195 0.025941
13104640 6556798 0.028157
13104640 6543222 0.026708
13104640 6575763 0.026315
13104640 6520416 0.026687
13104640 6526288 0.026825
13104640 6610652 0.027945
13104640 6492399 0.026512
13104640 6507005 0.026282
13104640 6596473 0.026588
13104640 6539259 0.027258
13104640 6437519 0.028135
13104640 6501713 0.026630
13104640 6563020 0.026123
13104640 6518521 0.026430
13104640 6454079 0.028286
13104640 6573412 0.026546
13104640 6529856 0.026836
13104640 6528584 0.026193
13104640 6560497 0.026910
13104640 6525527 0.028194
13104640 6600856 0.026225
13104640 6574384 0.026471
13104640 6675290 0.025943
13104640 6673530 0.027179
13104640 6537172 0.027877
13104640 6535678 0.026390
13104640 6647760 0.026672
13104640 6511851 0.026134
13104640 6500589 0.027928
13104640 6554324 0.027012
13104640 6521413 0.026491
13104640 6560027 0.026664
13104640 6506201 0.026019
13104640 6515731 0.028575
13104640 6496807 0.026837
13104640 6546688 0.026110
13104640 6522502 0.026363
13104640 6468239 0.026857
13104640 6503133 0.027764
13104640 6527315 0.026655
13104640 6438857 0.026300
13104640 6616408 0.026486
13104640 6528627 0.027661
13104640 6597213 0.027129
13104640 6514878 0.026510
13104640 6589105 0.026620
13104640 6528024 0.026373
13104640 6632932 0.027965
13104640 6542825 0.026705
13104640 6601599 0.026634
13104640 6584376 0.026339
13104640 6568783 0.026081
13104640 6564795 0.028484
13104640 6539822 0.026394
13104640 6486973 0.026840
13104640 6626360 0.026634
13104640 6512694 0.026912
13104640 6545873 0.027875
13104640 6552978 0.026595
13104640 6548022 0.026433
13104640 6515539 0.026544
13104640 6552348 0.027272
13104640 6637521 0.027446
13104640 6586299 0.026755
13104640 6561888 0.026317
13104640 6563391 0.026303
13104640 6514221 0.027834
13104640 6556311 0.026789
13104640 6596361 0.026818
13104640 6634166 0.026268
13104640 6587037 0.026577
13104640 6437489 0.027809
13104640 6460395 0.026604
13104640 6581887 0.026681
13104640 6664578 0.026055
13104640 6580888 0.027069
13104640 6512254 0.027582
13104640 6436189 0.026723
13104640 6528063 0.026558
13104640 6616411 0.025962
13104640 6565354 0.027853
13104640 6489210 0.027210
13104640 6690906 0.026304
13104640 6526727 0.026202
13104640 6509591 0.026404
13104640 6611377 0.028285

52423680 26306298 0.131597
52423680 26276085 0.132430
52423680 26358434 0.131135
52423680 26206632 0.131431
52423680 26421151 0.131822
52423680 26142192 0.130415
52423680 25935651 0.133042
52423680 26141877 0.132075
52423680 26098698 0.131561
52423680 26372765 0.131845
52423680 26299602 0.131636
52423680 26189580 0.132783
52423680 26275055 0.129007
52423680 26250149 0.129141
52423680 26119527 0.128479
52423680 26247184 0.129345
52423680 26116422 0.130839
52423680 26286177 0.129798
52423680 26304469 0.129662
52423680 26566900 0.129387
52423680 25834208 0.130932
52423680 26290973 0.129461
52423680 26073187 0.130176
52423680 26340005 0.130427
52423680 26327815 0.129353
52423680 26158444 0.129169
52423680 25919645 0.129951
52423680 25822792 0.130096
52423680 26207321 0.129875
52423680 26163583 0.129796
52423680 26638237 0.128493
52423680 26194594 0.128862
52423680 26239081 0.128633
52423680 26255270 0.129258
52423680 26049444 0.131179
52423680 26426511 0.130203
52423680 25974337 0.128725
52423680 26289218 0.129033
52423680 26219686 0.128351
52423680 26307055 0.128420
52423680 25951439 0.130207
52423680 26271050 0.130024
52423680 26313788 0.129954
52423680 26072281 0.129189
52423680 26316447 0.129703
52423680 26596609 0.130112
52423680 26237745 0.129529
52423680 26057782 0.129577
52423680 26485525 0.128700
52423680 26353228 0.128813
52423680 26135132 0.128678
52423680 26606738 0.129387
52423680 26265620 0.131298
52423680 25922457 0.128801
52423680 26319863 0.127731
52423680 26107044 0.128511
52423680 25953948 0.129725
52423680 26280796 0.131726
52423680 26585769 0.130798
52423680 26180718 0.130074
52423680 26176994 0.130788
52423680 26407180 0.130700
52423680 25724201 0.130366
52423680 26041036 0.130951
52423680 26343460 0.129325
52423680 26231546 0.129720
52423680 26035018 0.130538
52423680 26308977 0.130781
52423680 26323545 0.130165
52423680 25960969 0.128761
52423680 26526561 0.129179
52423680 26146249 0.129813
52423680 26247716 0.128645
52423680 26306999 0.129414
52423680 26360378 0.129148
52423680 26122474 0.130416
52423680 26202091 0.130245
52423680 25731098 0.128251
52423680 26194960 0.129225
52423680 26050472 0.129334
52423680 25854991 0.129600
52423680 26334065 0.129960
52423680 26315686 0.128589
52423680 26174520 0.129313
52423680 26008789 0.129129
52423680 26470843 0.128954
52423680 26379908 0.127335
52423680 26015979 0.128404
52423680 26360067 0.129364
52423680 26226308 0.129375
52423680 26497273 0.129709
52423680 26419790 0.128767
52423680 26110325 0.128185
52423680 26298707 0.128184
52423680 26458472 0.129665
52423680 26178329 0.129453
52423680 25940179 0.129725
52423680 25969410 0.131026
52423680 26369772 0.130121
52423680 26082184 0.129199

209704960 104174187 0.580172
209704960 104243075 0.580365
209704960 104604223 0.581216
209704960 105140936 0.590608
209704960 104781745 0.584610
209704960 105376001 0.580049
209704960 105857220 0.577954
209704960 105267351 0.576156
209704960 104806826 0.583842
209704960 105182812 0.583439
209704960 104682901 0.575986
209704960 105250861 0.573840
209704960 104926864 0.579049
209704960 105158692 0.574685
209704960 104586841 0.576911
209704960 105083780 0.574661
209704960 104415804 0.577630
209704960 105003974 0.576656
209704960 105108561 0.575275
209704960 104752397 0.574396
209704960 104046555 0.581932
209704960 104268594 0.573522
209704960 105374058 0.595938
209704960 104477159 0.589073
209704960 105110725 0.587912
209704960 105325969 0.587364
209704960 104788803 0.579095
209704960 104144282 0.583388
209704960 104689036 0.579171
209704960 105908580 0.579552
209704960 104638803 0.578965
209704960 105405087 0.576413
209704960 105733831 0.572692
209704960 104490029 0.574006
209704960 105262810 0.575217
209704960 104670038 0.570643
209704960 104439643 0.581274
209704960 103991265 0.571562
209704960 104876428 0.581313
209704960 105292296 0.574134
209704960 105740158 0.581288
209704960 104814544 0.576936
209704960 104814911 0.573266
209704960 104621841 0.575753
209704960 104807405 0.574474
209704960 105237780 0.573362
209704960 104154726 0.577530
209704960 105117981 0.573342
209704960 104030584 0.576099
209704960 104511843 0.575848
209704960 104331029 0.574811
209704960 104979521 0.575964
209704960 103986295 0.577157
209704960 103935524 0.579305
209704960 104079885 0.574675
209704960 105027521 0.580680
209704960 104305829 0.580943
209704960 104743041 0.583914
209704960 105145209 0.576762
209704960 104096153 0.576882
209704960 104762166 0.583520
209704960 104296404 0.586231
209704960 104943321 0.587217
209704960 105313270 0.579095
209704960 104897566 0.578812
209704960 104804009 0.576515
209704960 105228502 0.579488
209704960 104963036 0.581971
209704960 104562694 0.575339
209704960 105333301 0.577084
209704960 104607647 0.574035
209704960 105207211 0.574894
209704960 104627860 0.576103
209704960 105339143 0.579195
209704960 104758834 0.583586
209704960 105102785 0.580809
209704960 104843429 0.584653
209704960 105312010 0.582129
209704960 104976051 0.584690
209704960 105009737 0.582041
209704960 105243161 0.583829
209704960 104759482 0.580872
209704960 104148629 0.578152
209704960 104279223 0.580686
209704960 105346451 0.580711
209704960 104937820 0.580538
209704960 104362683 0.582107
209704960 104881371 0.585023
209704960 104759237 0.584254
209704960 104408716 0.581788
209704960 105259260 0.578303
209704960 104413690 0.580236
209704960 104556200 0.584911
209704960 104756326 0.584382
209704960 105169549 0.578688
209704960 104697621 0.584542
209704960 104635177 0.582872
209704960 105404287 0.581553
209704960 104984670 0.582780
209704960 105110285 0.583672

838840320 419445621 2.453878
838840320 418507676 2.458845
838840320 420813073 2.444894
838840320 417333346 2.463140
838840320 420285333 2.448726
838840320 420512234 2.458853
838840320 420273886 2.451101
838840320 422165153 2.458266
838840320 418348463 2.458964
838840320 420410632 2.456826
838840320 417913900 2.465921
838840320 419067509 2.463746
838840320 418986553 2.461175
838840320 419691887 2.442834
838840320 418481522 2.452981
838840320 418449734 2.446733
838840320 417563005 2.431396
838840320 419023754 2.460172
838840320 418086830 2.450850
838840320 417481874 2.443443
838840320 418507622 2.455872
838840320 419757146 2.447150
838840320 417575090 2.433601
838840320 417725494 2.464509
838840320 421127882 2.453385
838840320 419948268 2.451542
838840320 418932275 2.447991
838840320 419223850 2.435368
838840320 421036393 2.432304
838840320 418325806 2.456130
838840320 421166065 2.443892
838840320 418594874 2.438192
838840320 420446593 2.438312
838840320 421245547 2.439385
838840320 419857828 2.439480
838840320 419726609 2.460444
838840320 418648234 2.453296
838840320 417832639 2.453745
838840320 419577581 2.459524
838840320 419489044 2.458582
838840320 421794189 2.444330
838840320 419435807 2.458170
838840320 419621177 2.456406
838840320 419219270 2.455146
838840320 416989996 2.439944
838840320 420210193 2.452519
838840320 421183943 2.451947
838840320 418413813 2.451778
838840320 418342211 2.441238
838840320 418305542 2.454757
838840320 420348025 2.454439
838840320 418831635 2.467276
838840320 419402596 2.459032
838840320 419556724 2.460407
838840320 417017377 2.452595
838840320 420303317 2.453300
838840320 417674765 2.454916
838840320 419637383 2.458791
838840320 420536608 2.484920
838840320 419191370 2.454543
838840320 421055527 2.451851
838840320 421940784 2.438546
838840320 419696948 2.448322
838840320 416587800 2.445722
838840320 419948913 2.447100
838840320 421216618 2.449328
838840320 421785555 2.459128
838840320 419180063 2.447955
838840320 418069852 2.459189
838840320 421440812 2.458937
838840320 419563970 2.453170
838840320 418096666 2.446882
838840320 420291485 2.440866
838840320 420115175 2.449636
838840320 419377584 2.459852
838840320 421195549 2.433333
838840320 419297397 2.441528
838840320 417557463 2.438768
838840320 419109748 2.450640
838840320 419151111 2.452980
838840320 419320050 2.436381
838840320 419081379 2.440487
838840320 419867648 2.451448
838840320 418988925 2.443054
838840320 418626627 2.451995
838840320 420723653 2.451193
838840320 422601213 2.450028
838840320 422619182 2.458737
838840320 417852692 2.458809
838840320 420979519 2.447348
838840320 417853246 2.456768
838840320 419545429 2.449591
838840320 419786033 2.457061
838840320 418233941 2.444875
838840320 419745575 2.452546
838840320 417133519 2.460331
838840320 419333816 2.452829
838840320 421548607 2.465803
838840320 418458719 2.482119
838840320 419817277 2.478386