190 190 0.000001
190 190 0.000001
190 190 0.000001
190 189 0.000001
190 190 0.000001
190 190 0.000001
190 189 0.000001
190 190 0.000001
190 190 0.000000
190 189 0.000000
190 190 0.000001
190 190 0.000001
190 190 0.000001
190 190 0.000001
190 190 0.000001
190 189 0.000001
190 190 0.000001
190 190 0.000001
190 190 0.000001
190 189 0.000001
190 190 0.000000
190 190 0.000001
190 190 0.000001
190 190 0.000001
190 190 0.000001
190 190 0.000000
190 189 0.000001
190 190 0.000001
190 188 0.000001
190 189 0.000001
190 190 0.000000
190 190 0.000001
190 190 0.000001
190 190 0.000000
190 190 0.000000
190 190 0.000001
190 190 0.000001
190 189 0.000000
190 190 0.000001
190 190 0.000001
190 190 0.000000
190 190 0.000000
190 189 0.000001
190 190 0.000001
190 190 0.000000
190 189 0.000000
190 190 0.000001
190 190 0.000001
190 190 0.000000
190 190 0.000000
190 190 0.000001
190 190 0.000001
190 190 0.000000
190 189 0.000000
190 190 0.000001
190 190 0.000001
190 190 0.000000
190 190 0.000000
190 190 0.000001
190 189 0.000001
190 190 0.000000
190 190 0.000000
190 189 0.000001
190 190 0.000001
190 190 0.000000
190 189 0.000001
190 190 0.000001
190 189 0.000000
190 190 0.000000
190 190 0.000001
190 190 0.000001
190 190 0.000000
190 189 0.000000
190 190 0.000001
190 189 0.000001
190 190 0.000000
190 190 0.000000
190 190 0.000001
190 190 0.000001
190 190 0.000000
190 189 0.000000
190 190 0.000001
190 190 0.000001
190 190 0.000000
190 190 0.000000
190 190 0.000001
190 190 0.000001
190 190 0.000000
190 190 0.000000
190 190 0.000001
190 190 0.000001
190 189 0.000000
190 190 0.000000
190 190 0.000001
190 190 0.000001
190 190 0.000000
190 190 0.000000
190 190 0.000001
190 189 0.000001
190 189 0.000000

780 780 0.000002
780 780 0.000002
780 780 0.000002
780 780 0.000002
780 780 0.000002
780 780 0.000002
780 780 0.000002
780 780 0.000002
780 779 0.000002
780 780 0.000002
780 780 0.000002
780 780 0.000002
780 780 0.000002
780 779 0.000002
780 780 0.000002
780 780 0.000002
780 780 0.000002
780 780 0.000001
780 776 0.000002
780 779 0.000002
780 780 0.000002
780 780 0.000002
780 780 0.000002
780 780 0.000002
780 780 0.000002
780 780 0.000002
780 779 0.000002
780 780 0.000002
780 779 0.000002
780 780 0.000002
780 780 0.000002
780 780 0.000002
780 780 0.000002
780 780 0.000001
780 779 0.000002
780 780 0.000002
780 779 0.000002
780 780 0.000002
780 779 0.000002
780 780 0.000002
780 779 0.000002
780 779 0.000001
780 780 0.000002
780 779 0.000002
780 780 0.000002
780 780 0.000002
780 780 0.000002
780 780 0.000002
780 779 0.000002
780 779 0.000002
780 780 0.000002
780 779 0.000002
780 779 0.000002
780 780 0.000002
780 780 0.000002
780 780 0.000002
780 780 0.000002
780 780 0.000002
780 780 0.000002
780 780 0.000002
780 780 0.000002
780 778 0.000002
780 780 0.000002
780 780 0.000002
780 780 0.000002
780 778 0.000003
780 779 0.000002
780 780 0.000002
780 780 0.000002
780 780 0.000002
780 780 0.000002
780 780 0.000002
780 780 0.000001
780 779 0.000002
780 780 0.000002
780 780 0.000002
780 780 0.000002
780 780 0.000002
780 778 0.000002
780 780 0.000002
780 780 0.000002
780 780 0.000002
780 780 0.000002
780 780 0.000002
780 779 0.000001
780 780 0.000002
780 780 0.000002
780 779 0.000002
780 780 0.000002
780 779 0.000002
780 780 0.000001
780 780 0.000002
780 780 0.000002
780 780 0.000002
780 780 0.000002
780 780 0.000001
780 780 0.000002
780 780 0.000002
780 780 0.000002
780 780 0.000002

3160 3159 0.000008
3160 3159 0.000007
3160 3158 0.000007
3160 3159 0.000007
3160 3160 0.000007
3160 3159 0.000007
3160 3159 0.000008
3160 3159 0.000007
3160 3160 0.000007
3160 3159 0.000008
3160 3157 0.000013
3160 3160 0.000008
3160 3159 0.000007
3160 3159 0.000008
3160 3160 0.000008
3160 3160 0.000008
3160 3160 0.000007
3160 3160 0.000007
3160 3158 0.000007
3160 3159 0.000008
3160 3157 0.000007
3160 3159 0.000008
3160 3159 0.000007
3160 3159 0.000007
3160 3159 0.000008
3160 3158 0.000008
3160 3160 0.000007
3160 3160 0.000007
3160 3160 0.000007
3160 3160 0.000007
3160 3160 0.000008
3160 3160 0.000008
3160 3160 0.000007
3160 3159 0.000007
3160 3160 0.000008
3160 3160 0.000007
3160 3160 0.000007
3160 3158 0.000008
3160 3158 0.000007
3160 3159 0.000007
3160 3160 0.000008
3160 3160 0.000007
3160 3159 0.000007
3160 3159 0.000008
3160 3159 0.000008
3160 3159 0.000008
3160 3160 0.000007
3160 3158 0.000007
3160 3160 0.000008
3160 3159 0.000008
3160 3160 0.000007
3160 3160 0.000007
3160 3159 0.000008
3160 3160 0.000007
3160 3160 0.000007
3160 3159 0.000007
3160 3160 0.000007
3160 3159 0.000008
3160 3158 0.000007
3160 3158 0.000022
3160 3159 0.000007
3160 3159 0.000007
3160 3160 0.000007
3160 3159 0.000008
3160 3160 0.000007
3160 3159 0.000007
3160 3160 0.000007
3160 3159 0.000008
3160 3159 0.000007
3160 3159 0.000007
3160 3160 0.000007
3160 3160 0.000007
3160 3159 0.000008
3160 3159 0.000008
3160 3160 0.000008
3160 3159 0.000007
3160 3160 0.000007
3160 3160 0.000007
3160 3160 0.000008
3160 3160 0.000007
3160 3159 0.000067
3160 3158 0.000007
3160 3160 0.000007
3160 3159 0.000008
3160 3160 0.000007
3160 3160 0.000007
3160 3160 0.000007
3160 3159 0.000007
3160 3159 0.000007
3160 3159 0.000008
3160 3160 0.000007
3160 3159 0.000007
3160 3160 0.000007
3160 3160 0.000008
3160 3160 0.000007
3160 3159 0.000008
3160 3159 0.000019
3160 3160 0.000007
3160 3158 0.000008
3160 3157 0.000007

12720 12717 0.000029
12720 12719 0.000029
12720 12719 0.000030
12720 12715 0.000029
12720 12718 0.000035
12720 12719 0.000030
12720 12717 0.000029
12720 12718 0.000029
12720 12720 0.000030
12720 12719 0.000029
12720 12718 0.000030
12720 12719 0.000029
12720 12719 0.000029
12720 12720 0.000030
12720 12718 0.000029
12720 12719 0.000031
12720 12719 0.000029
12720 12719 0.000029
12720 12719 0.000030
12720 12718 0.000028
12720 12717 0.000029
12720 12718 0.000030
12720 12718 0.000064
12720 12718 0.000029
12720 12720 0.000031
12720 12718 0.000030
12720 12719 0.000030
12720 12718 0.000030
12720 12719 0.000030
12720 12718 0.000029
12720 12720 0.000030
12720 12720 0.000030
12720 12719 0.000029
12720 12719 0.000030
12720 12719 0.000032
12720 12720 0.000030
12720 12716 0.000035
12720 12718 0.000029
12720 12717 0.000031
12720 12719 0.000029
12720 12719 0.000030
12720 12717 0.000030
12720 12716 0.000030
12720 12719 0.000030
12720 12719 0.000029
12720 12720 0.000030
12720 12719 0.000029
12720 12719 0.000030
12720 12719 0.000029
12720 12719 0.000029
12720 12719 0.000153
12720 12718 0.000030
12720 12719 0.000032
12720 12718 0.000032
12720 12719 0.000035
12720 12718 0.000035
12720 12718 0.000031
12720 12718 0.000031
12720 12718 0.000032
12720 12718 0.000030
12720 12719 0.000029
12720 12719 0.000030
12720 12718 0.000029
12720 12719 0.000031
12720 12719 0.000036
12720 12719 0.000030
12720 12719 0.000029
12720 12720 0.000029
12720 12718 0.000030
12720 12719 0.000030
12720 12720 0.000029
12720 12719 0.000030
12720 12720 0.000057
12720 12718 0.000030
12720 12720 0.000030
12720 12718 0.000030
12720 12720 0.000030
12720 12719 0.000030
12720 12720 0.000029
12720 12720 0.000029
12720 12720 0.000030
12720 12719 0.000029
12720 12716 0.000030
12720 12718 0.000029
12720 12717 0.000029
12720 12720 0.000030
12720 12717 0.000029
12720 12720 0.000029
12720 12717 0.000030
12720 12716 0.000029
12720 12718 0.000029
12720 12720 0.000031
12720 12719 0.000030
12720 12719 0.000029
12720 12718 0.000030
12720 12718 0.000029
12720 12718 0.000035
12720 12718 0.000030
12720 12720 0.000028
12720 12718 0.000029

51040 51036 0.000120
51040 51037 0.000120
51040 51038 0.000119
51040 51040 0.000120
51040 51036 0.000128
51040 51036 0.000119
51040 51038 0.000117
51040 51035 0.000121
51040 51037 0.000119
51040 51034 0.000118
51040 51037 0.000123
51040 51039 0.000120
51040 51035 0.000118
51040 51038 0.000118
51040 51038 0.000120
51040 51038 0.000120
51040 51039 0.000122
51040 51034 0.000117
51040 51040 0.000120
51040 51037 0.000120
51040 51037 0.000117
51040 51039 0.000120
51040 51038 0.000120
51040 51036 0.000120
51040 51035 0.000121
51040 51036 0.000116
51040 51037 0.000118
51040 51039 0.000117
51040 51038 0.000118
51040 51037 0.000121
51040 51037 0.000118
51040 51038 0.000118
51040 51039 0.000120
51040 51036 0.000119
51040 51035 0.000146
51040 51032 0.000116
51040 51036 0.000126
51040 51038 0.000120
51040 51034 0.000130
51040 51037 0.000118
51040 51038 0.000118
51040 51034 0.000121
51040 51038 0.000119
51040 51040 0.000117
51040 51040 0.000119
51040 51037 0.000118
51040 51030 0.000120
51040 51038 0.000120
51040 51033 0.000117
51040 51033 0.000122
51040 51038 0.000119
51040 51040 0.000117
51040 51035 0.000118
51040 51038 0.000119
51040 51035 0.000118
51040 51033 0.000120
51040 51033 0.000119
51040 51038 0.000119
51040 51037 0.000126
51040 51034 0.000117
51040 51039 0.000121
51040 51036 0.000121
51040 51039 0.000119
51040 51038 0.000117
51040 51038 0.000119
51040 51037 0.000118
51040 51036 0.000123
51040 51037 0.000121
51040 51039 0.000140
51040 51037 0.000120
51040 51037 0.000217
51040 51037 0.000119
51040 51038 0.000118
51040 51037 0.000120
51040 51038 0.000125
51040 51035 0.000119
51040 51039 0.000120
51040 51038 0.000118
51040 51038 0.000120
51040 51034 0.000117
51040 51038 0.000118
51040 51036 0.000120
51040 51037 0.000121
51040 51037 0.000122
51040 51036 0.000118
51040 51036 0.000118
51040 51035 0.000117
51040 51039 0.000118
51040 51036 0.000118
51040 51033 0.000120
51040 51034 0.000118
51040 51039 0.000121
51040 51036 0.000119
51040 51034 0.000118
51040 51036 0.000119
51040 51036 0.000119
51040 51038 0.000120
51040 51034 0.000122
51040 51039 0.000119
51040 51037 0.000126

204480 204475 0.000483
204480 204471 0.000477
204480 204474 0.000503
204480 204476 0.000473
204480 204472 0.000482
204480 204473 0.000478
204480 204471 0.000482
204480 204476 0.000495
204480 204471 0.000480
204480 204473 0.000489
204480 204474 0.000481
204480 204476 0.000477
204480 204467 0.000480
204480 204474 0.000477
204480 204476 0.000477
204480 204472 0.000481
204480 204473 0.000485
204480 204470 0.000478
204480 204468 0.000478
204480 204477 0.000481
204480 204471 0.000477
204480 204475 0.000476
204480 204472 0.000475
204480 204472 0.000479
204480 204474 0.000482
204480 204475 0.000479
204480 204473 0.000480
204480 204478 0.000482
204480 204471 0.000478
204480 204473 0.000479
204480 204468 0.000485
204480 204473 0.000473
204480 204473 0.000481
204480 204474 0.000479
204480 204470 0.000475
204480 204475 0.000480
204480 204470 0.000477
204480 204475 0.000473
204480 204472 0.000478
204480 204476 0.000482
204480 204473 0.000482
204480 204476 0.000479
204480 204469 0.000476
204480 204473 0.000484
204480 204475 0.000474
204480 204477 0.000477
204480 204472 0.000483
204480 204477 0.000475
204480 204470 0.000482
204480 204475 0.000478
204480 204472 0.000491
204480 204473 0.000478
204480 204474 0.000475
204480 204476 0.000477
204480 204477 0.000474
204480 204470 0.000475
204480 204476 0.000478
204480 204475 0.000479
204480 204473 0.000484
204480 204473 0.000475
204480 204469 0.000478
204480 204470 0.000475
204480 204475 0.000478
204480 204473 0.000474
204480 204469 0.000475
204480 204474 0.000482
204480 204475 0.000490
204480 204471 0.000473
204480 204472 0.000482
204480 204477 0.000481
204480 204477 0.000492
204480 204475 0.000480
204480 204467 0.000473
204480 204473 0.000484
204480 204477 0.000474
204480 204477 0.000478
204480 204475 0.000481
204480 204475 0.000482
204480 204470 0.000477
204480 204474 0.000480
204480 204465 0.000479
204480 204468 0.000486
204480 204473 0.000474
204480 204468 0.000481
204480 204468 0.000481
204480 204476 0.000482
204480 204472 0.000477
204480 204474 0.000475
204480 204471 0.000486
204480 204470 0.000491
204480 204477 0.000477
204480 204475 0.000492
204480 204473 0.000488
204480 204474 0.000475
204480 204475 0.000490
204480 204472 0.000488
204480 204476 0.000480
204480 204470 0.000491
204480 204474 0.000484
204480 204477 0.000656

818560 818549 0.001937
818560 818551 0.001930
818560 818544 0.001929
818560 818550 0.001935
818560 818548 0.001932
818560 818546 0.001923
818560 818549 0.001915
818560 818549 0.001940
818560 818543 0.001975
818560 818550 0.001934
818560 818550 0.001911
818560 818546 0.001950
818560 818546 0.001931
818560 818551 0.001906
818560 818537 0.001918
818560 818545 0.001935
818560 818549 0.001900
818560 818549 0.001958
818560 818548 0.001910
818560 818552 0.001936
818560 818550 0.001927
818560 818548 0.001937
818560 818554 0.001927
818560 818547 0.001939
818560 818544 0.001911
818560 818546 0.001935
818560 818544 0.001901
818560 818545 0.001923
818560 818540 0.001923
818560 818545 0.001948
818560 818551 0.001923
818560 818551 0.001942
818560 818549 0.001900
818560 818543 0.001924
818560 818551 0.001921
818560 818553 0.001925
818560 818548 0.001941
818560 818544 0.001925
818560 818543 0.001932
818560 818550 0.001907
818560 818554 0.001920
818560 818546 0.001908
818560 818543 0.001918
818560 818552 0.001927
818560 818549 0.001927
818560 818553 0.001909
818560 818550 0.001912
818560 818545 0.001946
818560 818549 0.001932
818560 818545 0.001916
818560 818543 0.001948
818560 818547 0.001940
818560 818544 0.001936
818560 818547 0.001955
818560 818547 0.001918
818560 818548 0.001910
818560 818540 0.001949
818560 818551 0.001942
818560 818548 0.001955
818560 818544 0.001928
818560 818549 0.001911
818560 818545 0.001937
818560 818550 0.001944
818560 818545 0.002091
818560 818546 0.001948
818560 818551 0.001926
818560 818546 0.001935
818560 818544 0.001923
818560 818543 0.001945
818560 818550 0.001922
818560 818545 0.001934
818560 818553 0.001934
818560 818542 0.001956
818560 818554 0.001924
818560 818545 0.001905
818560 818537 0.001937
818560 818547 0.001947
818560 818550 0.001923
818560 818551 0.001957
818560 818545 0.001947
818560 818541 0.001950
818560 818543 0.001914
818560 818545 0.001911
818560 818549 0.001951
818560 818548 0.001945
818560 818546 0.001915
818560 818542 0.001939
818560 818544 0.001925
818560 818544 0.001928
818560 818546 0.001948
818560 818539 0.001922
818560 818551 0.001962
818560 818543 0.001924
818560 818546 0.001939
818560 818549 0.001933
818560 818547 0.001935
818560 818545 0.001956
818560 818542 0.001934
818560 818548 0.001910
818560 818545 0.001954

3275520 3275496 0.007723
3275520 3275494 0.007745
3275520 3275489 0.007698
3275520 3275500 0.007791
3275520 3275500 0.007847
3275520 3275484 0.007785
3275520 3275502 0.007953
3275520 3275488 0.007764
3275520 3275498 0.007776
3275520 3275484 0.007716
3275520 3275493 0.008108
3275520 3275492 0.009097
3275520 3275494 0.009119
3275520 3275504 0.009145
3275520 3275496 0.009040
3275520 3275493 0.008768
3275520 3275485 0.008682
3275520 3275485 0.007684
3275520 3275500 0.007741
3275520 3275497 0.007728
3275520 3275486 0.007718
3275520 3275490 0.007943
3275520 3275494 0.007782
3275520 3275498 0.007737
3275520 3275497 0.007731
3275520 3275493 0.007676
3275520 3275493 0.007771
3275520 3275491 0.007782
3275520 3275502 0.007807
3275520 3275494 0.007747
3275520 3275507 0.007814
3275520 3275485 0.007734
3275520 3275492 0.007685
3275520 3275493 0.007710
3275520 3275495 0.007699
3275520 3275498 0.007761
3275520 3275489 0.008118
3275520 3275501 0.007945
3275520 3275490 0.007714
3275520 3275491 0.007708
3275520 3275493 0.007837
3275520 3275501 0.007772
3275520 3275496 0.007807
3275520 3275493 0.007782
3275520 3275496 0.007752
3275520 3275495 0.007791
3275520 3275494 0.007782
3275520 3275488 0.007750
3275520 3275492 0.007769
3275520 3275495 0.007795
3275520 3275497 0.007739
3275520 3275498 0.007793
3275520 3275493 0.007682
3275520 3275495 0.007902
3275520 3275492 0.007694
3275520 3275502 0.007736
3275520 3275493 0.007743
3275520 3275495 0.007769
3275520 3275498 0.007656
3275520 3275489 0.007679
3275520 3275489 0.007731
3275520 3275489 0.007680
3275520 3275493 0.007815
3275520 3275495 0.007779
3275520 3275496 0.007756
3275520 3275496 0.007756
3275520 3275483 0.007700
3275520 3275496 0.007735
3275520 3275496 0.007724
3275520 3275491 0.007931
3275520 3275497 0.007853
3275520 3275494 0.007823
3275520 3275497 0.007827
3275520 3275500 0.007811
3275520 3275498 0.007747
3275520 3275490 0.007721
3275520 3275494 0.007802
3275520 3275498 0.007752
3275520 3275489 0.007712
3275520 3275500 0.007842
3275520 3275506 0.007886
3275520 3275486 0.007649
3275520 3275499 0.007771
3275520 3275497 0.007701
3275520 3275483 0.007795
3275520 3275499 0.007872
3275520 3275499 0.007705
3275520 3275496 0.007774
3275520 3275490 0.007668
3275520 3275502 0.007817
3275520 3275498 0.007746
3275520 3275492 0.007795
3275520 3275498 0.007823
3275520 3275490 0.007698
3275520 3275493 0.007779
3275520 3275479 0.007769
3275520 3275499 0.007730
3275520 3275492 0.007826
3275520 3275495 0.007766
3275520 3275479 0.007805

13104640 13104582 0.031057
13104640 13104592 0.030828
13104640 13104603 0.030912
13104640 13104591 0.030879
13104640 13104584 0.031228
13104640 13104591 0.030901
13104640 13104597 0.030927
13104640 13104588 0.030986
13104640 13104589 0.030811
13104640 13104579 0.030776
13104640 13104590 0.030956
13104640 13104575 0.030793
13104640 13104587 0.031339
13104640 13104596 0.030863
13104640 13104583 0.031013
13104640 13104576 0.030739
13104640 13104588 0.030937
13104640 13104592 0.031111
13104640 13104594 0.031259
13104640 13104582 0.031153
13104640 13104591 0.031184
13104640 13104591 0.030859
13104640 13104578 0.031069
13104640 13104597 0.030822
13104640 13104588 0.030994
13104640 13104592 0.030676
13104640 13104598 0.031130
13104640 13104586 0.030647
13104640 13104597 0.030853
13104640 13104595 0.030985
13104640 13104591 0.030872
13104640 13104581 0.030932
13104640 13104599 0.030989
13104640 13104579 0.030799
13104640 13104586 0.030962
13104640 13104588 0.031006
13104640 13104583 0.033822
13104640 13104591 0.031243
13104640 13104592 0.030824
13104640 13104594 0.030841
13104640 13104575 0.030923
13104640 13104582 0.030698
13104640 13104593 0.030766
13104640 13104580 0.031037
13104640 13104602 0.031139
13104640 13104602 0.030927
13104640 13104576 0.030869
13104640 13104574 0.031361
13104640 13104585 0.031104
13104640 13104577 0.031016
13104640 13104585 0.030955
13104640 13104599 0.030834
13104640 13104589 0.031108
13104640 13104579 0.031014
13104640 13104570 0.031108
13104640 13104596 0.030884
13104640 13104582 0.031264
13104640 13104589 0.031103
13104640 13104585 0.031152
13104640 13104595 0.030881
13104640 13104603 0.031016
13104640 13104580 0.031902
13104640 13104599 0.030938
13104640 13104591 0.030978
13104640 13104587 0.031262
13104640 13104588 0.030845
13104640 13104583 0.030833
13104640 13104584 0.030793
13104640 13104579 0.031298
13104640 13104583 0.031033
13104640 13104601 0.030950
13104640 13104588 0.030934
13104640 13104592 0.031105
13104640 13104595 0.030740
13104640 13104586 0.030901
13104640 13104580 0.030693
13104640 13104592 0.031196
13104640 13104584 0.030881
13104640 13104587 0.031076
13104640 13104588 0.031204
13104640 13104597 0.031093
13104640 13104589 0.031003
13104640 13104590 0.031033
13104640 13104589 0.031172
13104640 13104574 0.031150
13104640 13104588 0.031567
13104640 13104590 0.030871
13104640 13104577 0.030952
13104640 13104581 0.030899
13104640 13104590 0.030700
13104640 13104582 0.031243
13104640 13104597 0.030824
13104640 13104579 0.031173
13104640 13104571 0.030696
13104640 13104594 0.030848
13104640 13104575 0.030931
13104640 13104597 0.030769
13104640 13104573 0.030580
13104640 13104599 0.030816
13104640 13104587 0.030679

52423680 52423558 0.149166
52423680 52423577 0.136042
52423680 52423557 0.127818
52423680 52423594 0.128318
52423680 52423596 0.136945
52423680 52423580 0.134645
52423680 52423586 0.130321
52423680 52423581 0.139732
52423680 52423566 0.137635
52423680 52423559 0.138677
52423680 52423572 0.136788
52423680 52423573 0.121418
52423680 52423563 0.129239
52423680 52423567 0.139789
52423680 52423565 0.130192
52423680 52423579 0.136202
52423680 52423588 0.138860
52423680 52423590 0.125058
52423680 52423556 0.120216
52423680 52423584 0.119183
52423680 52423578 0.117824
52423680 52423590 0.117478
52423680 52423585 0.118488
52423680 52423566 0.117568
52423680 52423575 0.117187
52423680 52423581 0.119060
52423680 52423570 0.121052
52423680 52423571 0.118157
52423680 52423568 0.117733
52423680 52423575 0.118945
52423680 52423561 0.117133
52423680 52423555 0.119114
52423680 52423580 0.118317
52423680 52423572 0.119354
52423680 52423584 0.118031
52423680 52423571 0.120108
52423680 52423575 0.117903
52423680 52423564 0.121092
52423680 52423589 0.120193
52423680 52423553 0.120365
52423680 52423580 0.125204
52423680 52423578 0.120661
52423680 52423569 0.119010
52423680 52423578 0.118648
52423680 52423589 0.118662
52423680 52423560 0.119094
52423680 52423568 0.120181
52423680 52423583 0.120283
52423680 52423572 0.119860
52423680 52423557 0.119166
52423680 52423594 0.119273
52423680 52423589 0.118573
52423680 52423568 0.119788
52423680 52423580 0.119061
52423680 52423570 0.120008
52423680 52423578 0.132018
52423680 52423562 0.138528
52423680 52423593 0.136295
52423680 52423583 0.118120
52423680 52423566 0.117845
52423680 52423574 0.119503
52423680 52423565 0.118437
52423680 52423584 0.119031
52423680 52423555 0.120416
52423680 52423574 0.119997
52423680 52423565 0.119102
52423680 52423577 0.119553
52423680 52423589 0.120051
52423680 52423582 0.119298
52423680 52423575 0.121028
52423680 52423584 0.125134
52423680 52423586 0.140466
52423680 52423573 0.139262
52423680 52423577 0.127221
52423680 52423586 0.118394
52423680 52423572 0.118565
52423680 52423603 0.118037
52423680 52423586 0.119149
52423680 52423575 0.122554
52423680 52423561 0.122699
52423680 52423578 0.117830
52423680 52423581 0.119783
52423680 52423584 0.119866
52423680 52423593 0.118135
52423680 52423580 0.118318
52423680 52423563 0.119044
52423680 52423571 0.119415
52423680 52423579 0.118961
52423680 52423594 0.119732
52423680 52423586 0.119670
52423680 52423576 0.124385
52423680 52423579 0.121026
52423680 52423567 0.121122
52423680 52423594 0.121921
52423680 52423586 0.121142
52423680 52423578 0.124100
52423680 52423570 0.119050
52423680 52423584 0.118812
52423680 52423590 0.121763
52423680 52423565 0.119677

209704960 209704772 0.560416
209704960 209704742 0.506282
209704960 209704750 0.487421
209704960 209704781 0.487852
209704960 209704755 0.485199
209704960 209704754 0.482693
209704960 209704755 0.481821
209704960 209704759 0.485939
209704960 209704734 0.488131
209704960 209704753 0.485966
209704960 209704760 0.482247
209704960 209704751 0.488360
209704960 209704750 0.484639
209704960 209704755 0.492524
209704960 209704750 0.481333
209704960 209704746 0.481931
209704960 209704757 0.483497
209704960 209704743 0.484977
209704960 209704743 0.481161
209704960 209704754 0.482636
209704960 209704734 0.484250
209704960 209704754 0.482177
209704960 209704748 0.483587
209704960 209704747 0.482363
209704960 209704751 0.482995
209704960 209704740 0.484356
209704960 209704760 0.483024
209704960 209704755 0.483094
209704960 209704751 0.482065
209704960 209704743 0.482165
209704960 209704769 0.483889
209704960 209704750 0.485770
209704960 209704744 0.483546
209704960 209704759 0.485522
209704960 209704770 0.491977
209704960 209704713 0.491115
209704960 209704753 0.482393
209704960 209704762 0.483800
209704960 209704751 0.484720
209704960 209704763 0.484443
209704960 209704757 0.482518
209704960 209704767 0.484732
209704960 209704747 0.482400
209704960 209704762 0.482350
209704960 209704758 0.482419
209704960 209704756 0.480635
209704960 209704747 0.490992
209704960 209704739 0.481387
209704960 209704750 0.481808
209704960 209704737 0.483197
209704960 209704761 0.507707
209704960 209704765 0.486168
209704960 209704732 0.485995
209704960 209704750 0.489511
209704960 209704751 0.565952
209704960 209704751 0.490034
209704960 209704760 0.486263
209704960 209704752 0.482680
209704960 209704755 0.482971
209704960 209704736 0.480841
209704960 209704727 0.489564
209704960 209704776 0.506969
209704960 209704752 0.483683
209704960 209704757 0.501819
209704960 209704743 0.485401
209704960 209704749 0.484042
209704960 209704744 0.484242
209704960 209704735 0.492241
209704960 209704761 0.482654
209704960 209704737 0.505202
209704960 209704735 0.484500
209704960 209704777 0.484956
209704960 209704753 0.482829
209704960 209704745 0.484255
209704960 209704758 0.482328
209704960 209704773 0.480660
209704960 209704763 0.491274
209704960 209704743 0.484278
209704960 209704765 0.483689
209704960 209704747 0.484253
209704960 209704747 0.480330
209704960 209704753 0.481904
209704960 209704732 0.483479
209704960 209704748 0.501989
209704960 209704757 0.481157
209704960 209704770 0.481204
209704960 209704738 0.478972
209704960 209704755 0.480457
209704960 209704749 0.481845
209704960 209704756 0.482551
209704960 209704764 0.482630
209704960 209704753 0.481705
209704960 209704771 0.481872
209704960 209704760 0.499151
209704960 209704785 0.480524
209704960 209704770 0.486287
209704960 209704758 0.480041
209704960 209704753 0.486988
209704960 209704756 0.483020
209704960 209704750 0.483162

838840320 838839874 1.990321
838840320 838839902 1.966321
838840320 838839913 1.969062
838840320 838839921 1.962753
838840320 838839896 1.956197
838840320 838839897 1.985665
838840320 838839917 1.952476
838840320 838839869 1.947560
838840320 838839935 1.960400
838840320 838839899 1.945171
838840320 838839841 1.953185
838840320 838839890 1.950152
838840320 838839921 1.955997
838840320 838839864 1.961280
838840320 838839916 1.993545
838840320 838839866 1.957179
838840320 838839935 1.959542
838840320 838839896 1.957799
838840320 838839918 1.947000
838840320 838839872 1.948365
838840320 838839888 1.944048
838840320 838839903 1.954332
838840320 838839896 1.953900
838840320 838839882 1.965893
838840320 838839917 1.972537
838840320 838839913 2.028541
838840320 838839923 1.947447
838840320 838839900 1.948211
838840320 838839903 1.960118
838840320 838839930 1.951342
838840320 838839912 1.940558
838840320 838839899 1.940863
838840320 838839875 1.935139
838840320 838839905 1.934165
838840320 838839879 1.935921
838840320 838839894 1.933573
838840320 838839910 1.953202
838840320 838839869 1.960219
838840320 838839939 1.951081
838840320 838839885 1.974220
838840320 838839904 1.965476
838840320 838839895 1.947006
838840320 838839912 1.967331
838840320 838839895 1.951123
838840320 838839896 1.954066
838840320 838839925 1.954951
838840320 838839862 1.950118
838840320 838839893 1.956970
838840320 838839891 1.946956
838840320 838839926 1.943672
838840320 838839898 1.955151
838840320 838839916 1.949076
838840320 838839925 1.953100
838840320 838839892 1.983850
838840320 838839926 1.938497
838840320 838839910 1.934699
838840320 838839888 1.938840
838840320 838839903 1.959433
838840320 838839886 1.947564
838840320 838839908 2.009466
838840320 838839923 1.996833
838840320 838839897 2.039673
838840320 838839887 1.935380
838840320 838839924 1.930962
838840320 838839900 1.922863
838840320 838839895 1.951439
838840320 838839902 1.999090
838840320 838839953 1.950965
838840320 838839893 1.951139
838840320 838839905 1.945346
838840320 838839911 1.996806
838840320 838839905 1.948368
838840320 838839885 1.956265
838840320 838839877 1.960177
838840320 838839973 1.933644
838840320 838839905 1.920538
838840320 838839911 1.948233
838840320 838839928 1.956623
838840320 838839924 1.953496
838840320 838839919 1.952568
838840320 838839907 1.958802
838840320 838839885 1.954887
838840320 838839864 1.957095
838840320 838839939 1.954832
838840320 838839921 1.968763
838840320 838839920 1.972577
838840320 838839892 2.015287
838840320 838839904 1.949334
838840320 838839921 1.949737
838840320 838839915 1.950848
838840320 838839870 2.020102
838840320 838839898 1.988978
838840320 838839903 1.938096
838840320 838839899 1.948958
838840320 838839893 1.951685
838840320 838839891 1.973292
838840320 838839915 1.980725
838840320 838839942 1.951707
838840320 838839894 1.954887
838840320 838839922 1.947743