190 37 0.000002
190 65 0.000001
190 18 0.000001
190 35 0.000000
190 8 0.000000
190 47 0.000001
190 31 0.000001
190 47 0.000001
190 14 0.000001
190 25 0.000001
190 39 0.000001
190 35 0.000001
190 14 0.000001
190 36 0.000000
190 32 0.000001
190 27 0.000001
190 18 0.000000
190 41 0.000001
190 10 0.000001
190 37 0.000001
190 23 0.000001
190 10 0.000000
190 14 0.000001
190 28 0.000001
190 31 0.000001
190 37 0.000001
190 21 0.000000
190 23 0.000001
190 47 0.000001
190 31 0.000000
190 47 0.000001
190 31 0.000001
190 22 0.000000
190 35 0.000001
190 43 0.000001
190 31 0.000001
190 25 0.000001
190 21 0.000000
190 5 0.000001
190 7 0.000000
190 43 0.000001
190 18 0.000001
190 19 0.000000
190 39 0.000001
190 45 0.000001
190 19 0.000001
190 25 0.000001
190 24 0.000000
190 1 0.000001
190 31 0.000001
190 31 0.000001
190 10 0.000001
190 49 0.000000
190 49 0.000001
190 34 0.000001
190 6 0.000000
190 51 0.000001
190 4 0.000000
190 35 0.000001
190 35 0.000000
190 41 0.000001
190 23 0.000001
190 29 0.000000
190 37 0.000001
190 13 0.000001
190 11 0.000000
190 44 0.000001
190 25 0.000001
190 19 0.000001
190 22 0.000001
190 53 0.000000
190 41 0.000001
190 32 0.000001
190 21 0.000000
190 43 0.000001
190 35 0.000001
190 41 0.000001
190 1 0.000001
190 25 0.000000
190 15 0.000001
190 8 0.000000
190 46 0.000001
190 2 0.000000
190 21 0.000001
190 29 0.000001
190 27 0.000000
190 27 0.000001
190 5 0.000000
190 74 0.000001
190 27 0.000001
190 23 0.000000
190 39 0.000001
190 21 0.000000
190 37 0.000001
190 37 0.000001
190 43 0.000001
190 36 0.000001
190 29 0.000000
190 41 0.000001
190 33 0.000001

780 113 0.000002
780 131 0.000002
780 161 0.000002
780 152 0.000003
780 102 0.000002
780 70 0.000002
780 114 0.000002
780 128 0.000002
780 44 0.000002
780 74 0.000002
780 74 0.000002
780 108 0.000002
780 107 0.000002
780 120 0.000002
780 58 0.000002
780 140 0.000002
780 100 0.000002
780 126 0.000003
780 74 0.000002
780 136 0.000002
780 117 0.000002
780 46 0.000002
780 116 0.000002
780 126 0.000002
780 104 0.000002
780 76 0.000001
780 107 0.000002
780 122 0.000002
780 99 0.000002
780 58 0.000002
780 97 0.000002
780 196 0.000002
780 126 0.000002
780 158 0.000003
780 110 0.000002
780 120 0.000002
780 196 0.000003
780 124 0.000002
780 88 0.000002
780 88 0.000002
780 61 0.000001
780 144 0.000002
780 112 0.000002
780 150 0.000002
780 167 0.000002
780 142 0.000002
780 98 0.000002
780 74 0.000002
780 102 0.000002
780 146 0.000002
780 48 0.000002
780 206 0.000002
780 150 0.000002
780 119 0.000002
780 106 0.000002
780 87 0.000002
780 119 0.000002
780 91 0.000002
780 128 0.000003
780 173 0.000002
780 121 0.000002
780 176 0.000002
780 116 0.000002
780 100 0.000002
780 141 0.000002
780 107 0.000002
780 84 0.000002
780 132 0.000002
780 87 0.000002
780 124 0.000002
780 137 0.000002
780 170 0.000002
780 84 0.000002
780 100 0.000002
780 138 0.000002
780 110 0.000002
780 131 0.000002
780 115 0.000003
780 109 0.000002
780 107 0.000002
780 106 0.000002
780 210 0.000003
780 122 0.000002
780 104 0.000002
780 179 0.000002
780 146 0.000002
780 88 0.000002
780 130 0.000002
780 128 0.000002
780 106 0.000002
780 112 0.000002
780 160 0.000002
780 91 0.000002
780 188 0.000002
780 153 0.000002
780 79 0.000002
780 117 0.000002
780 95 0.000002
780 79 0.000002
780 78 0.000002

3160 331 0.000008
3160 560 0.000008
3160 442 0.000007
3160 506 0.000007
3160 478 0.000007
3160 416 0.000007
3160 556 0.000007
3160 312 0.000007
3160 483 0.000007
3160 540 0.000008
3160 410 0.000007
3160 508 0.000008
3160 406 0.000008
3160 586 0.000008
3160 620 0.000008
3160 630 0.000007
3160 478 0.000008
3160 522 0.000008
3160 336 0.000007
3160 468 0.000007
3160 478 0.000008
3160 604 0.000008
3160 480 0.000008
3160 526 0.000007
3160 565 0.000008
3160 533 0.000008
3160 566 0.000007
3160 699 0.000007
3160 408 0.000008
3160 466 0.000008
3160 583 0.000008
3160 552 0.000010
3160 672 0.000007
3160 344 0.000007
3160 605 0.000007
3160 530 0.000007
3160 574 0.000008
3160 526 0.000008
3160 598 0.000007
3160 504 0.000007
3160 508 0.000007
3160 530 0.000007
3160 709 0.000008
3160 482 0.000008
3160 440 0.000007
3160 714 0.000007
3160 380 0.000007
3160 372 0.000007
3160 526 0.000007
3160 534 0.000007
3160 468 0.000007
3160 430 0.000007
3160 422 0.000007
3160 428 0.000007
3160 442 0.000007
3160 406 0.000007
3160 480 0.000007
3160 377 0.000007
3160 578 0.000008
3160 356 0.000008
3160 536 0.000008
3160 357 0.000008
3160 617 0.000007
3160 426 0.000007
3160 398 0.000007
3160 411 0.000007
3160 342 0.000007
3160 542 0.000008
3160 498 0.000008
3160 326 0.000007
3160 464 0.000008
3160 351 0.000007
3160 476 0.000007
3160 544 0.000007
3160 568 0.000008
3160 476 0.000008
3160 482 0.000008
3160 570 0.000008
3160 549 0.000007
3160 716 0.000008
3160 609 0.000008
3160 371 0.000008
3160 408 0.000008
3160 480 0.000008
3160 485 0.000007
3160 570 0.000007
3160 504 0.000007
3160 535 0.000007
3160 582 0.000007
3160 508 0.000007
3160 480 0.000007
3160 473 0.000007
3160 510 0.000007
3160 472 0.000006
3160 404 0.000007
3160 508 0.000008
3160 604 0.000008
3160 550 0.000008
3160 591 0.000008
3160 568 0.000007

12720 1256 0.000027
12720 1846 0.000026
12720 2136 0.000027
12720 1893 0.000026
12720 2061 0.000027
12720 2244 0.000027
12720 2100 0.000027
12720 2115 0.000027
12720 2510 0.000027
12720 1777 0.000027
12720 2296 0.000027
12720 1832 0.000027
12720 1967 0.000027
12720 2156 0.000027
12720 2093 0.000026
12720 2236 0.000028
12720 1724 0.000026
12720 1945 0.000027
12720 1771 0.000027
12720 2084 0.000027
12720 1637 0.000026
12720 1790 0.000027
12720 1300 0.000027
12720 2240 0.000027
12720 1794 0.000027
12720 1941 0.000027
12720 1881 0.000028
12720 2247 0.000027
12720 1570 0.000027
12720 2022 0.000028
12720 1834 0.000027
12720 1998 0.000027
12720 1929 0.000027
12720 2260 0.000027
12720 2162 0.000027
12720 2237 0.000027
12720 1956 0.000028
12720 2551 0.000027
12720 2066 0.000027
12720 2108 0.000027
12720 2220 0.000027
12720 1958 0.000026
12720 1814 0.000027
12720 1816 0.000027
12720 2105 0.000027
12720 1898 0.000027
12720 1946 0.000027
12720 1624 0.000026
12720 2325 0.000027
12720 2674 0.000027
12720 2075 0.000027
12720 2272 0.000027
12720 2061 0.000028
12720 2444 0.000027
12720 1925 0.000027
12720 1716 0.000027
12720 2138 0.000027
12720 2041 0.000027
12720 1853 0.000027
12720 2042 0.000027
12720 2673 0.000028
12720 2255 0.000027
12720 2284 0.000027
12720 2136 0.000027
12720 2370 0.000027
12720 2406 0.000027
12720 2141 0.000026
12720 1954 0.000027
12720 2125 0.000027
12720 1769 0.000027
12720 1770 0.000027
12720 2250 0.000027
12720 1948 0.000027
12720 1927 0.000027
12720 2128 0.000027
12720 1820 0.000027
12720 1886 0.000027
12720 2673 0.000027
12720 2037 0.000027
12720 1672 0.000027
12720 2122 0.000027
12720 2059 0.000027
12720 1823 0.000027
12720 1992 0.000027
12720 1733 0.000027
12720 1535 0.000026
12720 1974 0.000027
12720 2078 0.000028
12720 2034 0.000028
12720 1536 0.000027
12720 1606 0.000027
12720 1598 0.000028
12720 2170 0.000027
12720 2025 0.000027
12720 1882 0.000026
12720 2508 0.000028
12720 2567 0.000028
12720 1836 0.000026
12720 2243 0.000027
12720 1947 0.000027

51040 7367 0.000105
51040 8888 0.000104
51040 9091 0.000104
51040 8718 0.000105
51040 7869 0.000105
51040 8815 0.000106
51040 7977 0.000104
51040 8143 0.000107
51040 7562 0.000105
51040 8389 0.000105
51040 7931 0.000104
51040 8015 0.000104
51040 7126 0.000104
51040 6543 0.000105
51040 8642 0.000104
51040 7639 0.000104
51040 9119 0.000104
51040 8069 0.000104
51040 8883 0.000103
51040 7813 0.000105
51040 8874 0.000104
51040 8484 0.000105
51040 8517 0.000105
51040 8059 0.000105
51040 8385 0.000105
51040 7318 0.000105
51040 9890 0.000104
51040 9163 0.000105
51040 9131 0.000105
51040 7146 0.000104
51040 8393 0.000105
51040 9646 0.000122
51040 8481 0.000103
51040 8587 0.000105
51040 7913 0.000105
51040 8420 0.000104
51040 8630 0.000105
51040 8058 0.000104
51040 8001 0.000105
51040 7482 0.000104
51040 8940 0.000105
51040 7748 0.000105
51040 10155 0.000104
51040 7469 0.000104
51040 8367 0.000105
51040 8491 0.000105
51040 8188 0.000104
51040 6560 0.000106
51040 7145 0.000104
51040 7992 0.000104
51040 8496 0.000105
51040 7178 0.000104
51040 6304 0.000105
51040 8179 0.000105
51040 8551 0.000106
51040 8568 0.000105
51040 6575 0.000104
51040 7494 0.000104
51040 6645 0.000105
51040 8928 0.000104
51040 8896 0.000105
51040 8678 0.000104
51040 7074 0.000105
51040 8951 0.000105
51040 8565 0.000104
51040 7596 0.000105
51040 8140 0.000104
51040 7259 0.000122
51040 9132 0.000105
51040 8255 0.000104
51040 7160 0.000104
51040 9063 0.000105
51040 8135 0.000105
51040 8252 0.000104
51040 9174 0.000105
51040 8964 0.000105
51040 8139 0.000106
51040 6689 0.000104
51040 7791 0.000104
51040 7226 0.000103
51040 6563 0.000104
51040 7080 0.000104
51040 7295 0.000104
51040 9067 0.000105
51040 8439 0.000105
51040 9790 0.000105
51040 6991 0.000105
51040 7955 0.000104
51040 8302 0.000104
51040 9106 0.000105
51040 7199 0.000104
51040 9136 0.000105
51040 8147 0.000104
51040 7449 0.000103
51040 6304 0.000105
51040 8027 0.000104
51040 9473 0.000104
51040 8583 0.000105
51040 9007 0.000107
51040 7748 0.000105

204480 35403 0.000411
204480 31987 0.000413
204480 34297 0.000410
204480 29617 0.000411
204480 36130 0.000410
204480 33015 0.000434
204480 36178 0.000409
204480 36945 0.000410
204480 32167 0.000409
204480 32529 0.000410
204480 34054 0.000412
204480 30079 0.000409
204480 29630 0.000409
204480 33298 0.000409
204480 36454 0.000409
204480 32889 0.000425
204480 30327 0.000409
204480 34303 0.000413
204480 33174 0.000409
204480 35340 0.000412
204480 30050 0.000410
204480 34618 0.000411
204480 29483 0.000412
204480 34306 0.000410
204480 32903 0.000426
204480 30930 0.000409
204480 34527 0.000411
204480 31133 0.000411
204480 32041 0.000409
204480 35334 0.000410
204480 35414 0.000412
204480 29594 0.000409
204480 35212 0.000409
204480 31130 0.000410
204480 32705 0.000411
204480 35150 0.000410
204480 30609 0.000411
204480 33732 0.000411
204480 33128 0.000410
204480 30036 0.000410
204480 32982 0.000411
204480 34481 0.000412
204480 33237 0.000410
204480 31880 0.000423
204480 34346 0.000410
204480 31853 0.000411
204480 32824 0.000410
204480 38297 0.000411
204480 30523 0.000410
204480 30758 0.000409
204480 31131 0.000409
204480 31826 0.000410
204480 33905 0.000426
204480 32771 0.000411
204480 34528 0.000409
204480 38956 0.000410
204480 32870 0.000410
204480 37056 0.000410
204480 37422 0.000411
204480 31577 0.000410
204480 33975 0.000411
204480 28581 0.000409
204480 34222 0.000422
204480 37228 0.000410
204480 27209 0.000410
204480 37496 0.000410
204480 36022 0.000411
204480 35278 0.000413
204480 32181 0.000410
204480 36041 0.000412
204480 32440 0.000409
204480 32756 0.000425
204480 32642 0.000410
204480 35116 0.000414
204480 30787 0.000412
204480 33373 0.000409
204480 32136 0.000410
204480 29997 0.000409
204480 32771 0.000410
204480 32145 0.000412
204480 30734 0.000409
204480 32494 0.000423
204480 31860 0.000411
204480 35850 0.000410
204480 36632 0.000409
204480 36618 0.000410
204480 31627 0.000410
204480 33721 0.000428
204480 32035 0.000421
204480 34281 0.000413
204480 33048 0.000429
204480 33919 0.000409
204480 35097 0.000410
204480 33966 0.000410
204480 39065 0.000410
204480 34942 0.000411
204480 35388 0.000410
204480 29895 0.000409
204480 35427 0.000410
204480 29765 0.000409

818560 138381 0.001651
818560 129134 0.001630
818560 132087 0.001650
818560 131618 0.001633
818560 126387 0.001633
818560 121755 0.001645
818560 145171 0.001632
818560 130680 0.001650
818560 133961 0.001628
818560 129029 0.001632
818560 130393 0.001649
818560 141192 0.001629
818560 125360 0.001642
818560 127914 0.001637
818560 124494 0.001637
818560 124181 0.001648
818560 137946 0.001631
818560 134779 0.001646
818560 128064 0.001633
818560 141110 0.001646
818560 136002 0.001636
818560 125298 0.001633
818560 131002 0.001647
818560 126157 0.001634
818560 127415 0.001648
818560 124442 0.001633
818560 134118 0.001630
818560 131632 0.001641
818560 137719 0.001631
818560 134225 0.001638
818560 142826 0.001632
818560 135225 0.001662
818560 134037 0.001634
818560 131662 0.001640
818560 125262 0.001647
818560 136638 0.001632
818560 130846 0.001640
818560 123004 0.001630
818560 140796 0.001630
818560 132788 0.001636
818560 134694 0.001632
818560 130905 0.001636
818560 137426 0.001634
818560 143697 0.001628
818560 142495 0.001640
818560 125701 0.001632
818560 124294 0.001641
818560 135521 0.001632
818560 130844 0.001638
818560 137281 0.001633
818560 126892 0.001633
818560 121316 0.001635
818560 127777 0.001633
818560 126214 0.001638
818560 122104 0.001637
818560 125502 0.001629
818560 132369 0.001636
818560 124999 0.001648
818560 120970 0.001646
818560 129018 0.001650
818560 142074 0.001645
818560 136599 0.001630
818560 137654 0.001633
818560 118335 0.001642
818560 136532 0.001635
818560 123104 0.001649
818560 133785 0.001633
818560 122914 0.001628
818560 129178 0.001642
818560 140787 0.001627
818560 124659 0.001649
818560 131641 0.001630
818560 137127 0.001641
818560 122390 0.001635
818560 130268 0.001635
818560 140864 0.001638
818560 130501 0.001633
818560 136128 0.001639
818560 133302 0.001632
818560 123321 0.001631
818560 136082 0.001637
818560 119854 0.001631
818560 136026 0.001637
818560 129761 0.001634
818560 123007 0.001631
818560 137952 0.001637
818560 120286 0.001633
818560 130312 0.001639
818560 125530 0.001630
818560 131874 0.001637
818560 138038 0.001630
818560 131541 0.001636
818560 125641 0.001642
818560 135497 0.001635
818560 122339 0.001636
818560 126957 0.001632
818560 138351 0.001634
818560 127958 0.001639
818560 130781 0.001633
818560 134568 0.001638

3275520 552756 0.006547
3275520 511517 0.006580
3275520 526337 0.006534
3275520 549380 0.006542
3275520 553750 0.006520
3275520 536382 0.006542
3275520 557485 0.006514
3275520 533728 0.006516
3275520 547431 0.006519
3275520 546328 0.006520
3275520 534899 0.006518
3275520 538379 0.006512
3275520 533394 0.006524
3275520 528978 0.006520
3275520 515558 0.006542
3275520 537968 0.006528
3275520 502324 0.006783
3275520 553698 0.006545
3275520 519362 0.006528
3275520 523751 0.006543
3275520 539955 0.006516
3275520 542520 0.006507
3275520 517803 0.006527
3275520 542090 0.006521
3275520 536583 0.006514
3275520 505034 0.006518
3275520 521444 0.006523
3275520 530241 0.006518
3275520 522159 0.006515
3275520 528014 0.006517
3275520 507666 0.006513
3275520 572224 0.006512
3275520 515994 0.006529
3275520 543085 0.006526
3275520 533826 0.006517
3275520 498462 0.006525
3275520 554023 0.006521
3275520 541651 0.006515
3275520 541831 0.006520
3275520 507474 0.006517
3275520 520051 0.006522
3275520 520849 0.006558
3275520 549331 0.006551
3275520 527056 0.006527
3275520 541298 0.006525
3275520 522710 0.006524
3275520 550117 0.006511
3275520 529468 0.006534
3275520 533749 0.006515
3275520 538676 0.006513
3275520 518028 0.006517
3275520 541832 0.006522
3275520 535688 0.006507
3275520 523488 0.006531
3275520 520439 0.006502
3275520 520608 0.006523
3275520 551231 0.006526
3275520 554469 0.006505
3275520 520548 0.006523
3275520 517283 0.006519
3275520 499270 0.006519
3275520 524776 0.006519
3275520 525097 0.006529
3275520 521090 0.006513
3275520 510437 0.006525
3275520 530052 0.006520
3275520 492232 0.006535
3275520 549076 0.006527
3275520 513998 0.006514
3275520 519529 0.006517
3275520 512831 0.006519
3275520 529472 0.006510
3275520 527722 0.006520
3275520 558172 0.006523
3275520 523038 0.006506
3275520 530699 0.006521
3275520 504991 0.006512
3275520 524527 0.006512
3275520 529870 0.006524
3275520 507558 0.006506
3275520 514142 0.006515
3275520 520340 0.006524
3275520 537836 0.006513
3275520 499888 0.006519
3275520 502089 0.006527
3275520 549284 0.006528
3275520 502829 0.006513
3275520 514623 0.006521
3275520 539160 0.006504
3275520 529801 0.006534
3275520 481592 0.006517
3275520 539710 0.006519
3275520 550453 0.006516
3275520 508680 0.006524
3275520 522061 0.006515
3275520 508536 0.006518
3275520 541812 0.006512
3275520 536258 0.006516
3275520 492544 0.006519
3275520 534032 0.006516

13104640 2088459 0.026320
13104640 2263777 0.026223
13104640 2197077 0.026200
13104640 2064079 0.026251
13104640 2141904 0.026170
13104640 2098893 0.026209
13104640 2162620 0.026200
13104640 2057396 0.026183
13104640 2141937 0.026187
13104640 2134380 0.026209
13104640 2175908 0.026225
13104640 2155910 0.026189
13104640 1942425 0.026200
13104640 2182961 0.026185
13104640 2244025 0.026270
13104640 2035711 0.026225
13104640 2153160 0.026245
13104640 2102092 0.026300
13104640 2154047 0.026244
13104640 2069642 0.026191
13104640 2043678 0.026207
13104640 2031620 0.026202
13104640 2028018 0.026190
13104640 2177835 0.026201
13104640 2211323 0.026211
13104640 2185783 0.026235
13104640 2049135 0.026164
13104640 2168744 0.026188
13104640 2080559 0.026177
13104640 2153080 0.026196
13104640 2141186 0.026184
13104640 2105192 0.026240
13104640 2163615 0.026279
13104640 2030661 0.026189
13104640 2052418 0.026248
13104640 2181039 0.026244
13104640 2031778 0.026186
13104640 2060275 0.026186
13104640 2166702 0.026182
13104640 2132660 0.026218
13104640 2111214 0.026200
13104640 2081228 0.026229
13104640 2199887 0.026220
13104640 2159261 0.026190
13104640 2118650 0.026146
13104640 2123852 0.026201
13104640 2178007 0.026229
13104640 2106725 0.026200
13104640 2122348 0.026215
13104640 1972959 0.026174
13104640 2139199 0.026201
13104640 1988738 0.026176
13104640 2238065 0.026192
13104640 2139738 0.026197
13104640 2101016 0.026203
13104640 2134721 0.026314
13104640 2082675 0.026214
13104640 2160060 0.026211
13104640 2202453 0.026230
13104640 2086278 0.026221
13104640 2145593 0.026171
13104640 2096955 0.026178
13104640 2159236 0.026182
13104640 2191419 0.026259
13104640 2116288 0.026178
13104640 2242992 0.026167
13104640 2114957 0.026172
13104640 2159958 0.026238
13104640 2177980 0.026185
13104640 2145947 0.026168
13104640 2100289 0.026168
13104640 2120296 0.026171
13104640 2064283 0.026205
13104640 2197550 0.026217
13104640 2139822 0.026239
13104640 2069272 0.026218
13104640 2159546 0.026190
13104640 2126985 0.026178
13104640 2083456 0.026183
13104640 2066200 0.026184
13104640 2158955 0.026249
13104640 2023655 0.026197
13104640 2150027 0.026158
13104640 2099567 0.026191
13104640 2144273 0.026180
13104640 2096658 0.026204
13104640 2183141 0.026170
13104640 2167914 0.026145
13104640 2168304 0.026182
13104640 2136137 0.026182
13104640 2192361 0.026180
13104640 2166449 0.026209
13104640 2124834 0.026229
13104640 2199910 0.026245
13104640 2153737 0.026181
13104640 2111509 0.026217
13104640 2095278 0.026230
13104640 2109510 0.026182
13104640 2063255 0.026199
13104640 2158095 0.026201

52423680 8841109 0.091383
52423680 8428421 0.084271
52423680 8301809 0.082932
52423680 8418296 0.084256
52423680 8545130 0.083775
52423680 8207042 0.082755
52423680 8173869 0.084161
52423680 8471241 0.085468
52423680 8219603 0.082217
52423680 8390917 0.084950
52423680 8765007 0.085622
52423680 8045881 0.082635
52423680 8479933 0.083570
52423680 8742760 0.084039
52423680 8542263 0.084423
52423680 8462183 0.082983
52423680 8694477 0.084449
52423680 8316437 0.084042
52423680 8694364 0.084634
52423680 8463940 0.085490
52423680 8236280 0.084526
52423680 8563526 0.082516
52423680 8543212 0.086740
52423680 8390759 0.085568
52423680 8539653 0.086355
52423680 8735260 0.087667
52423680 8462756 0.086114
52423680 8402348 0.084473
52423680 8416142 0.082508
52423680 8047993 0.082556
52423680 8367924 0.084214
52423680 8274013 0.083070
52423680 8683660 0.082993
52423680 8654229 0.083926
52423680 8692766 0.084721
52423680 8488175 0.083994
52423680 8475193 0.083305
52423680 8491411 0.084553
52423680 8278183 0.083720
52423680 8359372 0.083095
52423680 8778324 0.084972
52423680 8589506 0.084702
52423680 8058363 0.085209
52423680 8551317 0.084558
52423680 8409342 0.083368
52423680 8426699 0.084166
52423680 8588362 0.083765
52423680 8661042 0.083693
52423680 8275693 0.083648
52423680 8486806 0.082921
52423680 8344420 0.086689
52423680 8446657 0.085095
52423680 8493963 0.086059
52423680 8725953 0.085372
52423680 8657922 0.086205
52423680 8694794 0.083216
52423680 8524319 0.084655
52423680 8495068 0.083816
52423680 8433300 0.082381
52423680 8432759 0.083422
52423680 8344059 0.084545
52423680 8274218 0.084253
52423680 8628183 0.084312
52423680 8498065 0.084477
52423680 8605901 0.085812
52423680 8601184 0.083300
52423680 8733956 0.083568
52423680 8532139 0.084686
52423680 8542624 0.083254
52423680 8513128 0.083419
52423680 8512144 0.083694
52423680 8501601 0.084471
52423680 8347790 0.084372
52423680 8440373 0.084053
52423680 8521153 0.084296
52423680 8416609 0.085247
52423680 8582985 0.084933
52423680 8610063 0.083595
52423680 8501235 0.083691
52423680 8330654 0.082987
52423680 8602295 0.084141
52423680 8661110 0.084229
52423680 8332324 0.084129
52423680 8505350 0.084336
52423680 8488098 0.086492
52423680 8155229 0.083716
52423680 8410292 0.083943
52423680 8343778 0.084568
52423680 8580698 0.085299
52423680 8624026 0.086507
52423680 8476363 0.083292
52423680 8325395 0.084782
52423680 8737042 0.083322
52423680 8646048 0.083090
52423680 8570838 0.083693
52423680 8254343 0.083058
52423680 8544848 0.085065
52423680 8414312 0.083392
52423680 8391168 0.082508
52423680 8563191 0.08301

209704960 33610391 0.348680
209704960 33270216 0.348413
209704960 33847110 0.347660
209704960 34134030 0.352381
209704960 34208066 0.349906
209704960 33934987 0.349023
209704960 33415020 0.347578
209704960 34266683 0.348108
209704960 34589334 0.350393
209704960 33962710 0.348405
209704960 33456498 0.349792
209704960 32783103 0.346922
209704960 33987393 0.348237
209704960 33042359 0.345739
209704960 33584274 0.346728
209704960 33993392 0.347457
209704960 34319107 0.353129
209704960 34826316 0.348323
209704960 33723331 0.349584
209704960 34163920 0.350409
209704960 34346083 0.346099
209704960 35266488 0.356059
209704960 33433940 0.354259
209704960 34053623 0.350403
209704960 34086760 0.349714
209704960 33841320 0.346693
209704960 34103911 0.356224
209704960 33900401 0.351445
209704960 33881698 0.349614
209704960 33910862 0.347721
209704960 33325038 0.345148
209704960 33466376 0.347551
209704960 34238546 0.349863
209704960 33847229 0.350272
209704960 34055512 0.349281
209704960 34145193 0.349151
209704960 33722976 0.348732
209704960 33251029 0.345930
209704960 34759258 0.352064
209704960 33734320 0.348443
209704960 34447493 0.347213
209704960 33295511 0.347341
209704960 33999638 0.349966
209704960 33840026 0.349891
209704960 34063994 0.347534
209704960 34009328 0.349971
209704960 33080766 0.347884
209704960 34307711 0.351804
209704960 33915330 0.346202
209704960 33651753 0.349433
209704960 32963424 0.344452
209704960 33934838 0.349079
209704960 33581915 0.346923
209704960 33463371 0.344865
209704960 33680304 0.345403
209704960 33237207 0.346537
209704960 33754285 0.346798
209704960 33732699 0.348355
209704960 33805725 0.344447
209704960 33749774 0.349437
209704960 34607029 0.346021
209704960 34341170 0.350057
209704960 34126199 0.348167
209704960 34507289 0.351945
209704960 34032829 0.347810
209704960 34491735 0.347947
209704960 33603809 0.353487
209704960 33804951 0.346968
209704960 33448626 0.350025
209704960 33871432 0.348557
209704960 34102333 0.348303
209704960 33788959 0.349115
209704960 33514007 0.348442
209704960 34277825 0.348797
209704960 34681543 0.349536
209704960 34216041 0.351095
209704960 34429419 0.352789
209704960 34038001 0.347124
209704960 33730593 0.349945
209704960 33640840 0.348205
209704960 33579727 0.348100
209704960 33814136 0.345892
209704960 33829309 0.345716
209704960 33877292 0.347967
209704960 33688269 0.345819
209704960 33449701 0.349619
209704960 33148366 0.347168
209704960 34648618 0.350181
209704960 33638694 0.349036
209704960 33582760 0.348639
209704960 33907144 0.348178
209704960 33869611 0.347453
209704960 32517878 0.346124
209704960 34184201 0.349801
209704960 33386519 0.348188
209704960 33071111 0.349048
209704960 33823436 0.348047
209704960 33445349 0.348153
209704960 33757156 0.345154
209704960 33587159 0.349352

838840320 135810235 1.435085
838840320 134486919 1.431047
838840320 135321091 1.429934
838840320 133768382 1.424029
838840320 135863244 1.429345
838840320 137864978 1.440503
838840320 136600460 1.428374
838840320 135719377 1.432913
838840320 133790219 1.417531
838840320 137765752 1.435359
838840320 133500353 1.430552
838840320 135181988 1.429046
838840320 134913857 1.422427
838840320 135963776 1.430169
838840320 132390402 1.426408
838840320 135366589 1.441239
838840320 134388144 1.424748
838840320 135291960 1.434411
838840320 136198488 1.435973
838840320 134896330 1.429213
838840320 135691357 1.428142
838840320 137590764 1.435649
838840320 134697321 1.428854
838840320 132709685 1.413370
838840320 133319798 1.398712
838840320 136392087 1.411011
838840320 137076134 1.444281
838840320 136118521 1.432890
838840320 135425053 1.424491
838840320 134772602 1.425892
838840320 135490967 1.435155
838840320 134768744 1.429828
838840320 136307260 1.433719
838840320 135468856 1.429023
838840320 135606003 1.430084
838840320 136221718 1.426860
838840320 137085254 1.445149
838840320 137340871 1.434443
838840320 135850528 1.432173
838840320 136393175 1.429213
838840320 136634910 1.449624
838840320 137081683 1.435869
838840320 133333873 1.440348
838840320 135329138 1.432102
838840320 135383494 1.441184
838840320 138697191 1.444088
838840320 137024509 1.434396
838840320 136052096 1.431053
838840320 134756414 1.421981
838840320 136901316 1.433805
838840320 137552334 1.456289
838840320 137384678 1.447347
838840320 136885330 1.436247
838840320 134724048 1.430276
838840320 134275844 1.428162
838840320 135774469 1.414988
838840320 136003090 1.434657
838840320 135004226 1.429696
838840320 135663892 1.432678
838840320 133385296 1.422730
838840320 132651113 1.434156
838840320 133620447 1.435177
838840320 134792467 1.441564
838840320 134961465 1.432983
838840320 133643655 1.441432
838840320 135771727 1.459045
838840320 134835821 1.438834
838840320 135023965 1.438890
838840320 136520968 1.448087
838840320 134867219 1.436689
838840320 134051439 1.438114
838840320 134699775 1.443222
838840320 135885123 1.452665
838840320 136188683 1.447574
838840320 135271220 1.438729
838840320 133212465 1.418823
838840320 135811542 1.442799
838840320 135933262 1.443627
838840320 135182550 1.432330
838840320 135430773 1.429552
838840320 135038113 1.435481
838840320 135896747 1.433710
838840320 136399122 1.436072
838840320 136552918 1.441775
838840320 135642938 1.436164
838840320 134882325 1.425269
838840320 134757043 1.431461
838840320 136244436 1.431109
838840320 134210722 1.437808
838840320 134274091 1.425721
838840320 134999613 1.450673
838840320 135558205 1.447455
838840320 138368137 1.468129
838840320 136836102 1.449529
838840320 136226166 1.445626
838840320 138043544 1.445503
838840320 134834936 1.426846
838840320 134441320 1.434263
838840320 135679678 1.429481
838840320 135366081 1.427922