58 52 0.000001
48 39 0.000001
50 42 0.000001
34 23 0.000001
45 40 0.000001
48 40 0.000001
50 45 0.000001
54 51 0.000000
40 31 0.000001
54 46 0.000001
40 31 0.000000
60 56 0.000000
62 57 0.000000
92 90 0.000000
80 79 0.000000
30 16 0.000000
21 4 0.000000
34 22 0.000000
41 34 0.000001
68 65 0.000001
74 71 0.000001
38 29 0.000000
53 51 0.000000
56 54 0.000000
32 18 0.000000
48 42 0.000001
46 38 0.000001
39 29 0.000001
64 60 0.000001
39 28 0.000000
56 49 0.000000
52 48 0.000000
52 48 0.000000
56 51 0.000000
34 23 0.000001
44 37 0.000001
40 27 0.000001
31 18 0.000000
39 27 0.000000
55 53 0.000000
66 64 0.000000
31 18 0.000000
52 48 0.000001
45 34 0.000001
42 35 0.000000
44 35 0.000000
69 66 0.000000
64 60 0.000000
41 34 0.000000
53 49 0.000000
33 21 0.000001
38 28 0.000000
54 47 0.000000
48 42 0.000000
52 45 0.000000
30 18 0.000001
35 29 0.000001
37 24 0.000000
78 76 0.000000
36 25 0.000000
31 19 0.000000
52 45 0.000000
48 44 0.000001
23 6 0.000001
51 50 0.000000
66 61 0.000000
60 55 0.000000
31 14 0.000000
48 43 0.000000
42 30 0.000001
46 37 0.000001
44 34 0.000000
50 45 0.000000
53 49 0.000000
66 60 0.000000
26 13 0.000000
48 43 0.000001
64 59 0.000001
35 22 0.000001
49 40 0.000000
62 60 0.000000
64 58 0.000000
52 46 0.000000
73 71 0.000000
29 16 0.000000
76 74 0.000001
52 48 0.000000
34 21 0.000000
62 57 0.000000
40 32 0.000000
39 30 0.000000
51 42 0.000001
47 42 0.000000
42 35 0.000000
25 10 0.000000
50 44 0.000000
30 18 0.000000
38 30 0.000001
43 36 0.000000
58 51 0.000000

145 136 0.000005
168 158 0.000001
102 84 0.000001
199 196 0.000001
186 179 0.000001
122 117 0.000000
171 167 0.000001
193 184 0.000000
162 158 0.000001
147 133 0.000000
164 161 0.000001
173 160 0.000000
175 168 0.000000
184 176 0.000001
215 209 0.000000
150 134 0.000001
257 254 0.000000
131 124 0.000001
157 144 0.000001
145 139 0.000000
166 159 0.000001
195 186 0.000000
111 98 0.000000
147 138 0.000001
111 95 0.000000
183 170 0.000000
176 164 0.000001
167 163 0.000000
193 187 0.000001
224 220 0.000000
85 68 0.000000
121 116 0.000001
140 124 0.000000
137 125 0.000000
174 164 0.000001
177 172 0.000000
151 145 0.000000
169 159 0.000001
149 144 0.000001
135 129 0.000000
131 121 0.000014
82 65 0.000000
154 135 0.000000
281 275 0.000001
157 150 0.000000
110 98 0.000001
147 140 0.000001
194 191 0.000000
137 124 0.000001
136 127 0.000000
145 135 0.000000
229 227 0.000001
177 170 0.000000
177 175 0.000001
153 146 0.000001
123 114 0.000000
190 187 0.000001
165 156 0.000000
163 158 0.000000
149 137 0.000001
183 180 0.000000
193 189 0.000001
130 115 0.000002
93 71 0.000000
147 143 0.000001
124 107 0.000000
195 190 0.000000
191 176 0.000001
227 223 0.000000
137 126 0.000001
209 200 0.000001
119 109 0.000000
199 192 0.000001
163 152 0.000000
136 130 0.000000
175 164 0.000001
179 177 0.000000
164 158 0.000001
137 129 0.000001
139 133 0.000000
159 155 0.000001
113 97 0.000001
128 114 0.000000
145 140 0.000001
102 84 0.000001
161 155 0.000000
127 118 0.000001
149 140 0.000000
119 102 0.000000
158 144 0.000001
121 109 0.000000
155 147 0.000000
157 155 0.000001
121 106 0.000001
127 123 0.000000
127 111 0.000000
141 137 0.000001
156 151 0.000001
217 210 0.000000
245 243 0.000001

416 400 0.000001
551 535 0.000002
527 511 0.000002
643 633 0.000002
671 665 0.000002
709 707 0.000002
569 556 0.000002
580 566 0.000001
421 408 0.000001
593 575 0.000002
597 585 0.000002
377 353 0.000001
638 625 0.000002
431 425 0.000001
585 579 0.000001
722 712 0.000002
653 647 0.000002
533 524 0.000002
571 566 0.000001
548 543 0.000001
546 529 0.000002
663 649 0.000002
649 642 0.000001
505 493 0.000001
823 818 0.000002
512 505 0.000002
811 802 0.000002
473 467 0.000001
319 310 0.000001
695 685 0.000002
425 404 0.000001
316 299 0.000000
590 572 0.000001
482 462 0.000001
620 615 0.000002
687 680 0.000002
516 509 0.000001
477 466 0.000001
731 724 0.000002
444 438 0.000001
734 729 0.000001
471 463 0.000001
497 487 0.000002
555 546 0.000001
667 660 0.000001
464 458 0.000002
793 788 0.000002
587 579 0.000002
505 500 0.000001
591 586 0.000002
583 579 0.000002
661 656 0.000001
505 500 0.000001
647 645 0.000002
853 850 0.000002
695 684 0.000002
523 511 0.000002
662 652 0.000001
522 515 0.000001
549 539 0.000002
470 465 0.000001
452 439 0.000002
592 585 0.000001
657 653 0.000001
555 542 0.000001
639 634 0.000002
451 433 0.000001
619 603 0.000001
683 678 0.000002
581 565 0.000002
517 508 0.000001
550 544 0.000001
683 671 0.000002
372 354 0.000001
603 600 0.000001
617 603 0.000002
562 549 0.000002
591 589 0.000001
547 540 0.000001
346 322 0.000001
419 407 0.000002
380 366 0.000001
802 799 0.000002
569 560 0.000001
581 571 0.000002
611 603 0.000001
553 541 0.000001
501 491 0.000002
711 704 0.000002
630 622 0.000001
668 658 0.000001
805 804 0.000002
715 709 0.000001
557 550 0.000001
811 806 0.000002
589 584 0.000001
428 417 0.000001
512 499 0.000001
547 539 0.000002
610 601 0.000001

2569 2560 0.000004
2559 2553 0.000005
2100 2076 0.000004
2200 2193 0.000003
2555 2543 0.000005
1843 1833 0.000003
2105 2103 0.000004
1562 1553 0.000002
2116 2107 0.000004
2202 2191 0.000004
2347 2339 0.000004
2931 2923 0.000005
1657 1637 0.000003
2368 2363 0.000004
2263 2249 0.000004
1953 1938 0.000004
2449 2445 0.000004
2121 2109 0.000003
1943 1924 0.000004
2541 2532 0.000004
2525 2519 0.000004
1643 1631 0.000003
2597 2586 0.000004
1961 1943 0.000004
2414 2408 0.000005
1333 1317 0.000003
2662 2655 0.000004
2332 2326 0.000004
1952 1944 0.000004
2567 2562 0.000004
2161 2153 0.000004
2384 2371 0.000004
1925 1913 0.000003
2333 2328 0.000004
1984 1966 0.000003
2799 2790 0.000005
1820 1811 0.000003
2167 2155 0.000004
2106 2087 0.000003
1812 1803 0.000003
1599 1594 0.000003
1801 1792 0.000003
2191 2168 0.000004
2268 2255 0.000003
2401 2383 0.000004
2269 2264 0.000004
2120 2115 0.000004
1803 1793 0.000003
2229 2220 0.000004
1967 1957 0.000003
2095 2087 0.000004
2659 2647 0.000004
2327 2318 0.000004
1941 1928 0.000003
1768 1757 0.000003
2184 2171 0.000004
2603 2594 0.000004
1915 1891 0.000004
2794 2787 0.000004
2037 2028 0.000004
2065 2057 0.000003
2646 2642 0.000005
2081 2064 0.000003
2425 2421 0.000004
1945 1934 0.000003
1971 1958 0.000004
2448 2437 0.000004
2765 2753 0.000004
2147 2134 0.000004
2121 2114 0.000004
2046 2036 0.000004
2265 2263 0.000004
2253 2247 0.000004
1930 1916 0.000003
2085 2071 0.000004
2203 2188 0.000004
2417 2400 0.000004
2389 2378 0.000004
1923 1915 0.000003
2493 2489 0.000004
2526 2521 0.000004
2487 2482 0.000004
2192 2176 0.000004
2686 2678 0.000004
1995 1987 0.000004
2320 2315 0.000004
2392 2387 0.000004
2417 2405 0.000004
2517 2502 0.000004
2293 2283 0.000004
1705 1690 0.000003
2665 2659 0.000005
1764 1760 0.000004
1676 1668 0.000003
2347 2337 0.000004
2618 2611 0.000005
2079 2069 0.000003
2105 2097 0.000004
2047 2038 0.000003
1883 1867 0.000003

8847 8835 0.000031
8012 8005 0.000027
7983 7967 0.000028
9005 8991 0.000030
9033 9025 0.000030
8667 8642 0.000029
8820 8811 0.000030
8914 8907 0.000030
9129 9122 0.000031
7244 7230 0.000025
9373 9362 0.000032
8631 8619 0.000029
10704 10696 0.000036
9196 9184 0.000035
6677 6663 0.000023
7695 7687 0.000026
8361 8357 0.000029
7796 7788 0.000026
7919 7900 0.000028
8466 8458 0.000028
8467 8464 0.000029
8853 8845 0.000030
8748 8735 0.000029
10678 10674 0.000036
9604 9588 0.000032
7679 7666 0.000027
7138 7131 0.000024
10001 9998 0.000034
7668 7648 0.000026
9403 9392 0.000032
7547 7535 0.000026
8827 8815 0.000029
7853 7843 0.000026
7952 7945 0.000027
8746 8740 0.000030
5533 5518 0.000019
7530 7519 0.000028
7971 7961 0.000027
6424 6415 0.000022
7708 7681 0.000026
7940 7934 0.000027
8452 8446 0.000028
9141 9134 0.000031
7951 7947 0.000027
7834 7824 0.000027
9089 9085 0.000030
7445 7427 0.000026
9433 9422 0.000032
7843 7834 0.000027
9569 9563 0.000032
8845 8841 0.000029
10043 10033 0.000033
8981 8973 0.000030
9360 9347 0.000031
9124 9114 0.000031
8500 8487 0.000029
10474 10461 0.000035
7806 7788 0.000026
8647 8635 0.000029
9106 9099 0.000031
9019 9007 0.000030
8328 8321 0.000028
8345 8331 0.000029
9187 9178 0.000031
8115 8108 0.000027
9984 9952 0.000035
10274 10266 0.000034
7563 7552 0.000026
9543 9532 0.000032
9499 9495 0.000032
8984 8976 0.000030
8654 8631 0.000029
8083 8073 0.000027
7826 7821 0.000027
8441 8425 0.000028
7657 7639 0.000026
8287 8277 0.000028
9174 9165 0.000031
9579 9572 0.000032
8304 8298 0.000028
8710 8700 0.000030
9799 9793 0.000033
9402 9388 0.000031
9838 9828 0.000033
8904 8896 0.000030
8422 8412 0.000028
8803 8795 0.000029
7683 7672 0.000027
8136 8128 0.000027
7751 7744 0.000026
11108 11103 0.000037
9030 9020 0.000031
8289 8274 0.000029
7993 7982 0.000027
7876 7867 0.000028
8147 8138 0.000027
7250 7242 0.000025
8106 8102 0.000027
8353 8328 0.000028
8306 8290 0.000028

31823 31819 0.000105
34358 34347 0.000112
32050 32024 0.000105
29220 29203 0.000096
34768 34764 0.000126
28450 28443 0.000093
34813 34800 0.000114
34129 34121 0.000111
31423 31418 0.000103
29468 29451 0.000097
33825 33812 0.000111
33314 33306 0.000111
28042 28033 0.000092
33924 33909 0.000111
34662 34652 0.000113
35246 35237 0.000115
35417 35402 0.000115
33126 33110 0.000109
32778 32767 0.000108
34084 34069 0.000111
35964 35941 0.000120
38333 38328 0.000125
34071 34052 0.000112
34846 34826 0.000113
32166 32154 0.000106
37042 37033 0.000121
38043 38029 0.000124
31920 31913 0.000104
34734 34726 0.000115
34849 34842 0.000113
30311 30300 0.000099
36335 36328 0.000119
37069 37053 0.000121
32004 31987 0.000105
35521 35515 0.000116
30488 30481 0.000105
33921 33910 0.000087
36269 36268 0.000066
29601 29591 0.000045
29116 29101 0.000044
31859 31832 0.000047
34325 34320 0.000052
32650 32640 0.000048
37180 37168 0.000056
29702 29693 0.000044
29826 29818 0.000045
39309 39297 0.000059
35709 35698 0.000054
36724 36709 0.000054
31668 31653 0.000048
32485 32472 0.000048
30097 30091 0.000045
30028 30024 0.000046
35755 35750 0.000053
32655 32641 0.000049
38070 38067 0.000057
30390 30379 0.000045
32561 32552 0.000049
36081 36073 0.000054
35560 35550 0.000053
32492 32483 0.000049
35066 35051 0.000052
35387 35375 0.000052
32152 32143 0.000048
30417 30410 0.000046
35292 35286 0.000053
32160 32134 0.000048
29785 29765 0.000044
32531 32519 0.000049
33738 33728 0.000050
38925 38919 0.000057
37829 37825 0.000057
34649 34631 0.000051
31207 31185 0.000048
32709 32695 0.000049
33168 33150 0.000050
34985 34976 0.000052
39822 39807 0.000060
31537 31524 0.000047
32193 32177 0.000048
32379 32368 0.000048
35725 35714 0.000279
33791 33783 0.000065
30281 30271 0.000046
34008 34001 0.000050
29815 29803 0.000045
30663 30654 0.000046
40699 40686 0.000061
35632 35618 0.000054
39309 39306 0.000059
32318 32311 0.000049
36709 36700 0.000054
32876 32867 0.000050
34491 34481 0.000051
35177 35165 0.000053
31856 31843 0.000048
32905 32882 0.000050
34504 34496 0.000051
33772 33755 0.000051
31756 31741 0.000047

134565 134554 0.000203
131368 131361 0.000198
128987 128978 0.000194
142345 142329 0.000215
130343 130332 0.000212
132412 132394 0.000201
143232 143218 0.000245
133355 133347 0.000205
120521 120507 0.000193
147419 147407 0.000228
126899 126890 0.000195
129818 129813 0.000198
131930 131917 0.000201
130160 130138 0.000198
143563 143555 0.000217
125265 125252 0.000190
131896 131889 0.000199
130793 130779 0.000198
128798 128772 0.000195
132759 132750 0.000201
123646 123627 0.000188
124016 124001 0.000188
136575 136563 0.000207
147004 146996 0.000224
133783 133771 0.000202
128604 128596 0.000195
128633 128621 0.000195
134117 134104 0.000202
124598 124586 0.000190
134892 134877 0.000203
135808 135796 0.000205
143995 143974 0.000218
124507 124497 0.000189
135664 135652 0.000207
140423 140415 0.000213
137643 137625 0.000208
136139 136129 0.000205
129386 129364 0.000196
142586 142574 0.000216
144828 144817 0.000221
137203 137175 0.000223
127638 127626 0.000194
131921 131911 0.000200
134278 134271 0.000206
132892 132881 0.000201
142129 142113 0.000245
137803 137791 0.000208
141156 141144 0.000214
124808 124800 0.000189
134895 134884 0.000203
125021 124998 0.000191
144218 144208 0.000217
122926 122914 0.000187
125479 125470 0.000190
121654 121630 0.000184
125234 125227 0.000190
139035 139025 0.000211
137366 137345 0.000209
143610 143600 0.000218
141243 141229 0.000214
124085 124061 0.000188
128835 128826 0.000195
141462 141453 0.000216
138491 138487 0.000238
140533 140524 0.000213
136546 136539 0.000208
133927 133918 0.000471
126173 126161 0.000192
131317 131303 0.000233
140578 140567 0.000205
119317 119306 0.000175
124283 124274 0.000183
139634 139624 0.000204
135867 135861 0.000226
123852 123834 0.000181
131971 131963 0.000193
130159 130150 0.000192
132887 132874 0.000195
141097 141079 0.000235
126441 126436 0.000186
126501 126492 0.000185
132757 132747 0.000197
130089 130076 0.000190
131515 131496 0.000221
132957 132933 0.000195
128060 128046 0.000188
131687 131679 0.000194
122729 122714 0.000181
130299 130285 0.000219
137793 137779 0.000202
134947 134937 0.000197
138813 138807 0.000204
132308 132287 0.000193
128518 128510 0.000216
134103 134085 0.000197
125540 125527 0.000185
132998 132990 0.000196
123278 123274 0.000181
134025 134007 0.000211
130808 130798 0.000192

546967 546961 0.000821
525220 525208 0.000786
505791 505785 0.000764
528482 528470 0.000790
575787 575774 0.000862
501244 501225 0.000751
518725 518716 0.000778
511688 511675 0.000768
540293 540283 0.000808
500139 500122 0.000749
547690 547672 0.000819
509967 509950 0.000764
518121 518111 0.000778
517181 517170 0.000775
554487 554472 0.000830
533230 533220 0.000800
521304 521295 0.000780
477330 477314 0.000755
539121 539108 0.001043
516410 516404 0.000751
513112 513107 0.000747
542817 542805 0.000788
525466 525455 0.000800
525663 525652 0.000766
539887 539871 0.000785
546019 546007 0.000794
546807 546797 0.000793
539371 539361 0.000813
505853 505835 0.000736
527915 527909 0.000768
532272 532263 0.000773
535943 535930 0.000780
522395 522381 0.000789
528288 528281 0.000768
518111 518103 0.000754
547337 547328 0.000795
525139 525124 0.000765
536754 536748 0.000810
530434 530417 0.000771
519183 519174 0.000768
537260 537251 0.000782
529371 529359 0.000771
535921 535911 0.000779
540142 540130 0.000785
518723 518715 0.000755
526457 526451 0.000766
565538 565527 0.000850
562081 562064 0.000816
557620 557611 0.000810
530127 530109 0.000770
533572 533561 0.000777
550339 550333 0.000802
534070 534059 0.000777
551000 550989 0.000801
500537 500527 0.000729
492543 492532 0.000716
492922 492913 0.000718
514159 514152 0.000749
545504 545489 0.000793
498726 498714 0.000979
546577 546565 0.000793
567964 567944 0.000855
566703 566691 0.000823
557857 557843 0.000811
502590 502583 0.000731
569476 569465 0.000826
502007 501996 0.000759
543534 543519 0.000790
529477 529456 0.000771
524305 524300 0.000762
560451 560440 0.000814
524217 524198 0.000791
542538 542528 0.000789
526038 526028 0.000765
553635 553618 0.000804
520320 520298 0.000757
546349 546340 0.000824
496485 496476 0.000723
532779 532768 0.000773
492944 492925 0.000958
516432 516416 0.000766
497408 497400 0.000755
520428 520419 0.000756
527558 527549 0.000767
535450 535419 0.000779
495370 495351 0.000722
523733 523717 0.000792
542713 542691 0.000790
552389 552376 0.000803
550740 550729 0.000802
504423 504403 0.000736
513267 513255 0.000793
524650 524636 0.000766
531155 531144 0.000773
517371 517358 0.000757
554343 554315 0.000807
475442 475426 0.000751
512683 512665 0.000747
580010 579996 0.000844
506480 506475 0.000738

2165010 2164989 0.003478
2060505 2060492 0.002989
2130134 2130122 0.003076
2010827 2010813 0.002962
2106694 2106681 0.003114
2065796 2065771 0.003041
2108834 2108821 0.003303
2185351 2185331 0.003197
2087581 2087561 0.003085
2143036 2143027 0.003167
2067552 2067536 0.003060
2183271 2183255 0.003442
2114921 2114902 0.003066
2113667 2113657 0.003095
2035777 2035769 0.003014
2185789 2185776 0.003214
2080475 2080469 0.003269
2160298 2160284 0.003118
2072146 2072136 0.003063
2155515 2155506 0.003199
2146641 2146631 0.003130
2107480 2107470 0.003388
2156931 2156920 0.003113
2065136 2065126 0.003039
2039382 2039372 0.003016
2073546 2073532 0.003053
2151708 2151700 0.003106
2169712 2169702 0.003397
2090897 2090888 0.003048
2092668 2092653 0.003097
2095655 2095637 0.003098
2192755 2192748 0.003169
2128669 2128658 0.003361
2056408 2056392 0.003028
2106781 2106762 0.003117
2149043 2149032 0.003148
2196957 2196944 0.003232
2147682 2147666 0.003348
2061308 2061298 0.003034
2116442 2116429 0.003127
2084797 2084782 0.003083
2106122 2106113 0.003100
2045262 2045257 0.003200
2183344 2183337 0.003181
2120959 2120943 0.003137
2152584 2152571 0.003165
2128329 2128317 0.003146
2103320 2103314 0.003283
2090983 2090971 0.003077
2134113 2134095 0.003154
2113445 2113431 0.003083
2230244 2230226 0.003290
2176807 2176791 0.003401
2162949 2162937 0.003210
2066515 2066505 0.003057
2090650 2090634 0.003076
2170024 2170004 0.003206
2188351 2188335 0.003159
2093069 2093051 0.003276
2043590 2043569 0.003027
2171500 2171489 0.003195
2107182 2107169 0.003088
2128969 2128957 0.003075
2195227 2195212 0.003503
2119755 2119747 0.003134
2116506 2116497 0.003085
2229942 2229929 0.003292
2106294 2106281 0.003117
1997060 1997047 0.003130
2068578 2068571 0.003018
2082322 2082305 0.003080
2123367 2123357 0.003125
2070680 2070665 0.002989
2085683 2085666 0.003316
2162656 2162642 0.003180
2044886 2044860 0.003025
2199256 2199245 0.003220
2048194 2048187 0.002959
2165996 2165979 0.003445
2141976 2141958 0.003167
2087642 2087630 0.003087
2198348 2198337 0.003244
2141070 2141048 0.003150
2201480 2201472 0.003410
2101942 2101928 0.003066
2162207 2162192 0.003193
2116969 2116957 0.003113
2066952 2066937 0.003057
2102017 2102007 0.003038
2147536 2147521 0.003411
2134144 2134133 0.003140
2157285 2157256 0.003145
2121129 2121125 0.003137
2034157 2034139 0.002939
2132523 2132512 0.003393
2137383 2137365 0.003146
2102403 2102389 0.003107
2071901 2071884 0.003062
2095532 2095514 0.003025
2078150 2078137 0.003320

8395795 8395788 0.012845
8610022 8609998 0.012828
8508779 8508767 0.012472
8459381 8459367 0.012606
8290814 8290804 0.012514
8490345 8490326 0.013066
8473991 8473979 0.013035
8395159 8395145 0.012446
8498315 8498300 0.013087
8323604 8323592 0.012944
8470992 8470986 0.012917
8194755 8194740 0.011961
8424657 8424646 0.012627
8299007 8298990 0.012389
8449750 8449731 0.012897
8409827 8409819 0.012560
8494220 8494208 0.012910
8868526 8868510 0.013186
8465527 8465508 0.012946
8339623 8339615 0.013083
8611607 8611594 0.012632
8550402 8550390 0.012897
8373202 8373187 0.012599
8509466 8509448 0.012609
8289708 8289683 0.012163
8313938 8313923 0.012376
8567378 8567353 0.012835
8333682 8333662 0.012386
8420725 8420708 0.012388
8359389 8359372 0.012915
8512667 8512645 0.013059
8396785 8396773 0.012434
8192803 8192793 0.012030
8410484 8410470 0.012907
8173384 8173365 0.012334
8445833 8445822 0.012563
8584071 8584064 0.012465
8552003 8551984 0.012673
8489548 8489527 0.012671
8620506 8620498 0.012902
8587395 8587380 0.012721
8446601 8446596 0.012295
8439094 8439077 0.012505
8407724 8407715 0.012454
8560553 8560539 0.012678
8354364 8354343 0.012228
8502649 8502628 0.012703
8420205 8420184 0.012513
8635455 8635434 0.012982
8821266 8821246 0.012940
8472448 8472431 0.012713
8411749 8411723 0.012541
8359177 8359171 0.012405
8379276 8379263 0.012246
8641874 8641857 0.013056
8806602 8806584 0.013093
8335686 8335674 0.012564
8585385 8585364 0.013268
8501761 8501745 0.013065
8396589 8396574 0.012477
8351096 8351071 0.012456
8418416 8418399 0.012472
8515501 8515479 0.012365
8479791 8479765 0.012560
8359975 8359962 0.012406
8320444 8320431 0.012332
8438293 8438283 0.012358
8352095 8352079 0.012464
8528213 8528195 0.012749
8425368 8425359 0.012484
8757032 8757008 0.012710
8625686 8625678 0.012774
8539680 8539659 0.012620
8418323 8418309 0.012491
8415602 8415594 0.012238
8513328 8513316 0.012621
8295327 8295310 0.012336
8296643 8296630 0.012392
8595401 8595384 0.012497
8399310 8399299 0.012427
8442550 8442540 0.012578
8445030 8445016 0.012692
8556119 8556086 0.012509
8584138 8584114 0.012830
8464228 8464218 0.012634
8517765 8517749 0.012675
8532029 8532019 0.013056
8438504 8438488 0.012818
8517209 8517198 0.012929
8583354 8583332 0.012750
8688740 8688732 0.013005
8399163 8399150 0.012361
8457615 8457595 0.012593
8614054 8614049 0.012830
8425620 8425610 0.012573
8241844 8241827 0.012052
8375988 8375977 0.012927
8602058 8602045 0.013230
8529086 8529074 0.012914
8408363 8408341 0.012569

34133809 34133799 0.057108
33630828 33630816 0.050591
34202976 34202954 0.050525
33536498 33536481 0.049912
34236786 34236779 0.051242
33995526 33995513 0.050160
34332754 34332741 0.051517
33823627 33823604 0.050415
34010005 34009994 0.050758
32530597 32530586 0.049646
34337662 34337647 0.050878
33752617 33752597 0.052315
34115273 34115266 0.050439
33902108 33902098 0.051093
33550251 33550243 0.051888
33692919 33692913 0.049924
33475232 33475214 0.050421
33707379 33707368 0.049858
34137225 34137211 0.050405
34029262 34029245 0.051213
33170250 33170242 0.049026
34074622 34074605 0.050837
34107277 34107259 0.050751
33502808 33502794 0.049303
33518322 33518305 0.050379
33752293 33752273 0.049927
33360613 33360606 0.050511
33952113 33952104 0.050747
34188667 34188657 0.050979
33973176 33973159 0.051033
33965248 33965235 0.050044
33898337 33898324 0.050905
33218451 33218436 0.049364
33916031 33916016 0.050020
34385218 34385203 0.052023
33777640 33777630 0.049808
34376956 34376940 0.051295
33692811 33692797 0.050261
33071610 33071598 0.048400
34113641 34113622 0.052092
33420726 33420713 0.049306
33878023 33878006 0.050503
33405869 33405854 0.050234
33677989 33677979 0.049542
33744162 33744150 0.051258
33865498 33865491 0.049964
33907105 33907095 0.050312
34245598 34245574 0.051506
33607230 33607210 0.049484
33849536 33849515 0.051203
33315109 33315092 0.049183
33492158 33492143 0.049646
34167009 34167003 0.051535
33974032 33974020 0.049967
33828682 33828676 0.051373
33273688 33273677 0.049171
34363792 34363777 0.050801
33529387 33529372 0.050640
33832032 33832022 0.049782
34009356 34009347 0.051685
34050842 34050831 0.050331
33714297 33714286 0.049721
34054626 34054621 0.051425
34254976 34254957 0.050384
33604509 33604495 0.050858
33860258 33860249 0.050176
34464049 34464034 0.050815
33833081 33833067 0.051380
34411494 34411482 0.050628
34156314 34156301 0.051435
33831330 33831318 0.050213
34195362 34195349 0.050714
33514910 33514903 0.050530
34024638 34024625 0.050138
33716615 33716604 0.050741
34080461 34080451 0.050537
34043991 34043979 0.050415
33569988 33569955 0.050552
33754778 33754754 0.049707
33436457 33436433 0.050579
34019886 34019872 0.050463
33632526 33632506 0.049625
33213264 33213250 0.050371
33869903 33869889 0.049927
34460660 34460650 0.052480
34194462 34194451 0.051715
33884439 33884428 0.050925
33458541 33458516 0.050609
33674095 33674080 0.049381
34059803 34059781 0.050885
34127550 34127537 0.050580
34119714 34119696 0.050323
34056714 34056691 0.051279
33613250 33613234 0.049651
33130579 33130563 0.049696
34445642 34445633 0.051033
33810256 33810245 0.049852
33850803 33850778 0.052048
33313146 33313134 0.049329
34123312 34123298 0.052012

133689488 133689474 0.205742
134278445 134278438 0.200697
133245896 133245878 0.201169
133894016 133893985 0.200621
133535824 133535808 0.203452
136960652 136960642 0.211479
134679671 134679654 0.204993
134950306 134950291 0.202803
134821952 134821941 0.202728
135921446 135921430 0.203990
134725845 134725828 0.205305
136811929 136811913 0.205360
136208878 136208861 0.202912
133717476 133717466 0.199352
136106787 136106777 0.203909
137131505 137131491 0.204351
135218358 135218342 0.202251
136537594 136537576 0.202910
137005643 137005631 0.204769
135211820 135211810 0.202126
133653330 133653318 0.198544
135840211 135840193 0.203002
135450107 135450096 0.201451
132861046 132861036 0.198547
135859561 135859544 0.202880
135892783 135892772 0.202267
137900894 137900882 0.206453
135254214 135254192 0.203085
135393531 135393521 0.203905
133591098 133591071 0.199520
137592825 137592809 0.204249
136334350 136334336 0.203362
137605559 137605540 0.205715
135424869 135424853 0.202866
136159953 136159938 0.205399
133939543 133939531 0.200403
135350282 135350261 0.207175
135827071 135827059 0.203901
135388624 135388608 0.200659
137446393 137446381 0.204690
136986067 136986052 0.213362
134860706 134860689 0.205338
134789384 134789364 0.203636
134717146 134717132 0.203743
134993682 134993665 0.202489
137347697 137347681 0.205314
135425027 135425015 0.201650
135881910 135881883 0.203157
135982381 135982371 0.202253
133291866 133291855 0.199088
136045563 136045545 0.208003
135925991 135925980 0.201299
136408710 136408694 0.204420
134122784 134122764 0.199035
135224771 135224757 0.202908
135134871 135134857 0.201286
135618206 135618195 0.203599
134806237 134806212 0.200641
133273504 133273490 0.198425
135698312 135698300 0.202166
136084744 136084728 0.202389
136009548 136009537 0.202017
136492246 136492222 0.203212
136474185 136474173 0.202766
135573600 135573586 0.203969
137672795 137672780 0.204436
135758615 135758603 0.201244
134183172 134183156 0.201586
136801973 136801959 0.203544
134783112 134783100 0.200160
134751222 134751209 0.201313
135262924 135262913 0.204063
135263905 135263885 0.204202
135052655 135052639 0.203254
136068132 136068114 0.201271
135298196 135298182 0.200871
134246422 134246407 0.199226
135233153 135233132 0.205639
133992376 133992363 0.206946
136823027 136823007 0.211128
134709503 134709483 0.204725
136032296 136032267 0.204506
135617132 135617104 0.203660
134835783 134835762 0.205969
134123646 134123634 0.201626
136179408 136179389 0.202120
134591135 134591114 0.199761
135038539 135038526 0.203421
135582635 135582623 0.201604
134359197 134359176 0.200327
137294514 137294489 0.205838
136569843 136569837 0.203607
134996580 134996564 0.200357
136761428 136761419 0.203021
136134691 136134676 0.206131
136700772 136700749 0.206418
134424725 134424709 0.203123
135082380 135082365 0.204652
135097720 135097713 0.203861
137536302 137536294 0.205226