19 0 0.000001
19 0 0.000000
19 0 0.000000
19 0 0.000000
19 0 0.000000
19 0 0.000000
19 0 0.000000
19 0 0.000001
19 0 0.000001
19 0 0.000000
19 0 0.000001
19 0 0.000000
19 0 0.000001
19 0 0.000000
19 0 0.000000
19 0 0.000000
19 0 0.000001
19 0 0.000000
19 0 0.000001
19 0 0.000000
19 0 0.000001
19 0 0.000000
19 0 0.000000
19 0 0.000000
19 0 0.000000
19 0 0.000000
19 0 0.000000
19 0 0.000000
19 0 0.000000
19 0 0.000001
19 0 0.000000
19 0 0.000001
19 0 0.000000
19 0 0.000001
19 0 0.000000
19 0 0.000000
19 0 0.000000
19 0 0.000000
19 0 0.000000
19 0 0.000000
19 0 0.000000
19 0 0.000000
19 0 0.000000
19 0 0.000001
19 0 0.000000
19 0 0.000000
19 0 0.000000
19 0 0.000001
19 0 0.000000
19 0 0.000001
19 0 0.000000
19 0 0.000000
19 0 0.000000
19 0 0.000000
19 0 0.000000
19 0 0.000000
19 0 0.000000
19 0 0.000000
19 0 0.000000
19 0 0.000001
19 0 0.000000
19 0 0.000000
19 0 0.000000
19 0 0.000000
19 0 0.000000
19 0 0.000001
19 0 0.000000
19 0 0.000001
19 0 0.000000
19 0 0.000001
19 0 0.000000
19 0 0.000001
19 0 0.000000
19 0 0.000000
19 0 0.000000
19 0 0.000000
19 0 0.000000
19 0 0.000000
19 0 0.000000
19 0 0.000000
19 0 0.000001
19 0 0.000000
19 0 0.000001
19 0 0.000000
19 0 0.000001
19 0 0.000000
19 0 0.000001
19 0 0.000000
19 0 0.000001
19 0 0.000000
19 0 0.000001
19 0 0.000000
19 0 0.000001
19 0 0.000000
19 0 0.000001
19 0 0.000000
19 0 0.000001
19 0 0.000000
19 0 0.000001
19 0 0.000000

39 0 0.000000
39 0 0.000000
39 0 0.000000
39 0 0.000000
39 0 0.000000
39 0 0.000001
39 0 0.000001
39 0 0.000001
39 0 0.000000
39 0 0.000000
39 0 0.000000
39 0 0.000001
39 0 0.000001
39 0 0.000001
39 0 0.000001
39 0 0.000001
39 0 0.000001
39 0 0.000000
39 0 0.000000
39 0 0.000000
39 0 0.000000
39 0 0.000000
39 0 0.000000
39 0 0.000001
39 0 0.000001
39 0 0.000001
39 0 0.000001
39 0 0.000001
39 0 0.000000
39 0 0.000000
39 0 0.000001
39 0 0.000001
39 0 0.000001
39 0 0.000001
39 0 0.000001
39 0 0.000001
39 0 0.000000
39 0 0.000000
39 0 0.000000
39 0 0.000001
39 0 0.000001
39 0 0.000001
39 0 0.000000
39 0 0.000000
39 0 0.000000
39 0 0.000001
39 0 0.000000
39 0 0.000001
39 0 0.000001
39 0 0.000001
39 0 0.000001
39 0 0.000001
39 0 0.000001
39 0 0.000001
39 0 0.000001
39 0 0.000001
39 0 0.000001
39 0 0.000000
39 0 0.000000
39 0 0.000000
39 0 0.000001
39 0 0.000000
39 0 0.000000
39 0 0.000000
39 0 0.000001
39 0 0.000001
39 0 0.000001
39 0 0.000000
39 0 0.000000
39 0 0.000000
39 0 0.000001
39 0 0.000001
39 0 0.000000
39 0 0.000000
39 0 0.000000
39 0 0.000001
39 0 0.000001
39 0 0.000001
39 0 0.000001
39 0 0.000001
39 0 0.000001
39 0 0.000001
39 0 0.000001
39 0 0.000001
39 0 0.000001
39 0 0.000001
39 0 0.000001
39 0 0.000001
39 0 0.000001
39 0 0.000000
39 0 0.000000
39 0 0.000000
39 0 0.000000
39 0 0.000001
39 0 0.000001
39 0 0.000001
39 0 0.000001
39 0 0.000001
39 0 0.000001
39 0 0.000000

79 0 0.000000
79 0 0.000001
79 0 0.000001
79 0 0.000000
79 0 0.000000
79 0 0.000001
79 0 0.000000
79 0 0.000001
79 0 0.000001
79 0 0.000000
79 0 0.000001
79 0 0.000000
79 0 0.000001
79 0 0.000001
79 0 0.000000
79 0 0.000000
79 0 0.000001
79 0 0.000000
79 0 0.000001
79 0 0.000000
79 0 0.000000
79 0 0.000001
79 0 0.000000
79 0 0.000001
79 0 0.000000
79 0 0.000000
79 0 0.000001
79 0 0.000000
79 0 0.000001
79 0 0.000001
79 0 0.000000
79 0 0.000001
79 0 0.000001
79 0 0.000000
79 0 0.000000
79 0 0.000001
79 0 0.000000
79 0 0.000000
79 0 0.000001
79 0 0.000000
79 0 0.000001
79 0 0.000001
79 0 0.000000
79 0 0.000001
79 0 0.000001
79 0 0.000000
79 0 0.000000
79 0 0.000001
79 0 0.000000
79 0 0.000000
79 0 0.000001
79 0 0.000001
79 0 0.000000
79 0 0.000001
79 0 0.000001
79 0 0.000000
79 0 0.000001
79 0 0.000001
79 0 0.000000
79 0 0.000000
79 0 0.000001
79 0 0.000000
79 0 0.000001
79 0 0.000001
79 0 0.000001
79 0 0.000000
79 0 0.000001
79 0 0.000000
79 0 0.000000
79 0 0.000001
79 0 0.000000
79 0 0.000001
79 0 0.000000
79 0 0.000000
79 0 0.000001
79 0 0.000001
79 0 0.000000
79 0 0.000000
79 0 0.000001
79 0 0.000001
79 0 0.000000
79 0 0.000000
79 0 0.000000
79 0 0.000001
79 0 0.000000
79 0 0.000001
79 0 0.000000
79 0 0.000000
79 0 0.000000
79 0 0.000001
79 0 0.000001
79 0 0.000000
79 0 0.000001
79 0 0.000001
79 0 0.000000
79 0 0.000001
79 0 0.000001
79 0 0.000000
79 0 0.000001
79 0 0.000001

159 0 0.000001
159 0 0.000001
159 0 0.000000
159 0 0.000001
159 0 0.000000
159 0 0.000000
159 0 0.000000
159 0 0.000001
159 0 0.000001
159 0 0.000001
159 0 0.000000
159 0 0.000000
159 0 0.000000
159 0 0.000000
159 0 0.000001
159 0 0.000001
159 0 0.000000
159 0 0.000001
159 0 0.000000
159 0 0.000000
159 0 0.000001
159 0 0.000001
159 0 0.000001
159 0 0.000001
159 0 0.000000
159 0 0.000000
159 0 0.000000
159 0 0.000000
159 0 0.000000
159 0 0.000000
159 0 0.000000
159 0 0.000000
159 0 0.000000
159 0 0.000000
159 0 0.000001
159 0 0.000001
159 0 0.000001
159 0 0.000000
159 0 0.000000
159 0 0.000000
159 0 0.000000
159 0 0.000000
159 0 0.000000
159 0 0.000000
159 0 0.000001
159 0 0.000001
159 0 0.000001
159 0 0.000001
159 0 0.000000
159 0 0.000000
159 0 0.000000
159 0 0.000001
159 0 0.000001
159 0 0.000001
159 0 0.000001
159 0 0.000000
159 0 0.000000
159 0 0.000000
159 0 0.000001
159 0 0.000001
159 0 0.000001
159 0 0.000001
159 0 0.000000
159 0 0.000000
159 0 0.000001
159 0 0.000001
159 0 0.000001
159 0 0.000001
159 0 0.000001
159 0 0.000001
159 0 0.000000
159 0 0.000001
159 0 0.000001
159 0 0.000001
159 0 0.000001
159 0 0.000001
159 0 0.000000
159 0 0.000000
159 0 0.000000
159 0 0.000000
159 0 0.000001
159 0 0.000001
159 0 0.000001
159 0 0.000003
159 0 0.000000
159 0 0.000000
159 0 0.000000
159 0 0.000000
159 0 0.000001
159 0 0.000001
159 0 0.000000
159 0 0.000000
159 0 0.000000
159 0 0.000000
159 0 0.000000
159 0 0.000000
159 0 0.000000
159 0 0.000001
159 0 0.000001
159 0 0.000001

319 0 0.000001
319 0 0.000001
319 0 0.000001
319 0 0.000001
319 0 0.000001
319 0 0.000001
319 0 0.000002
319 0 0.000001
319 0 0.000001
319 0 0.000001
319 0 0.000001
319 0 0.000001
319 0 0.000001
319 0 0.000001
319 0 0.000001
319 0 0.000001
319 0 0.000001
319 0 0.000002
319 0 0.000001
319 0 0.000001
319 0 0.000001
319 0 0.000001
319 0 0.000001
319 0 0.000001
319 0 0.000001
319 0 0.000001
319 0 0.000001
319 0 0.000001
319 0 0.000001
319 0 0.000001
319 0 0.000001
319 0 0.000001
319 0 0.000001
319 0 0.000001
319 0 0.000001
319 0 0.000002
319 0 0.000001
319 0 0.000001
319 0 0.000001
319 0 0.000001
319 0 0.000002
319 0 0.000001
319 0 0.000001
319 0 0.000001
319 0 0.000001
319 0 0.000001
319 0 0.000001
319 0 0.000001
319 0 0.000001
319 0 0.000002
319 0 0.000001
319 0 0.000001
319 0 0.000001
319 0 0.000001
319 0 0.000001
319 0 0.000001
319 0 0.000001
319 0 0.000001
319 0 0.000001
319 0 0.000001
319 0 0.000002
319 0 0.000001
319 0 0.000001
319 0 0.000001
319 0 0.000001
319 0 0.000001
319 0 0.000001
319 0 0.000001
319 0 0.000001
319 0 0.000001
319 0 0.000001
319 0 0.000001
319 0 0.000001
319 0 0.000001
319 0 0.000001
319 0 0.000001
319 0 0.000001
319 0 0.000001
319 0 0.000001
319 0 0.000001
319 0 0.000001
319 0 0.000001
319 0 0.000001
319 0 0.000001
319 0 0.000001
319 0 0.000001
319 0 0.000001
319 0 0.000001
319 0 0.000001
319 0 0.000001
319 0 0.000001
319 0 0.000001
319 0 0.000001
319 0 0.000001
319 0 0.000001
319 0 0.000002
319 0 0.000001
319 0 0.000001
319 0 0.000001
319 0 0.000001

639 0 0.000001
639 0 0.000002
639 0 0.000002
639 0 0.000002
639 0 0.000002
639 0 0.000002
639 0 0.000002
639 0 0.000002
639 0 0.000002
639 0 0.000002
639 0 0.000002
639 0 0.000002
639 0 0.000002
639 0 0.000001
639 0 0.000001
639 0 0.000002
639 0 0.000002
639 0 0.000002
639 0 0.000001
639 0 0.000002
639 0 0.000002
639 0 0.000002
639 0 0.000001
639 0 0.000002
639 0 0.000002
639 0 0.000001
639 0 0.000001
639 0 0.000001
639 0 0.000002
639 0 0.000002
639 0 0.000002
639 0 0.000001
639 0 0.000001
639 0 0.000001
639 0 0.000002
639 0 0.000002
639 0 0.000002
639 0 0.000002
639 0 0.000001
639 0 0.000001
639 0 0.000002
639 0 0.000002
639 0 0.000002
639 0 0.000002
639 0 0.000001
639 0 0.000001
639 0 0.000001
639 0 0.000001
639 0 0.000002
639 0 0.000002
639 0 0.000002
639 0 0.000001
639 0 0.000001
639 0 0.000001
639 0 0.000001
639 0 0.000002
639 0 0.000002
639 0 0.000002
639 0 0.000002
639 0 0.000001
639 0 0.000001
639 0 0.000001
639 0 0.000001
639 0 0.000002
639 0 0.000002
639 0 0.000002
639 0 0.000002
639 0 0.000002
639 0 0.000002
639 0 0.000001
639 0 0.000001
639 0 0.000001
639 0 0.000001
639 0 0.000002
639 0 0.000002
639 0 0.000002
639 0 0.000002
639 0 0.000001
639 0 0.000001
639 0 0.000001
639 0 0.000001
639 0 0.000002
639 0 0.000002
639 0 0.000002
639 0 0.000001
639 0 0.000001
639 0 0.000001
639 0 0.000001
639 0 0.000002
639 0 0.000002
639 0 0.000002
639 0 0.000002
639 0 0.000001
639 0 0.000001
639 0 0.000001
639 0 0.000001
639 0 0.000002
639 0 0.000002
639 0 0.000002
639 0 0.000002

1279 0 0.000003
1279 0 0.000003
1279 0 0.000003
1279 0 0.000003
1279 0 0.000003
1279 0 0.000003
1279 0 0.000003
1279 0 0.000003
1279 0 0.000002
1279 0 0.000003
1279 0 0.000003
1279 0 0.000003
1279 0 0.000003
1279 0 0.000002
1279 0 0.000003
1279 0 0.000003
1279 0 0.000002
1279 0 0.000003
1279 0 0.000003
1279 0 0.000003
1279 0 0.000003
1279 0 0.000002
1279 0 0.000003
1279 0 0.000003
1279 0 0.000003
1279 0 0.000003
1279 0 0.000003
1279 0 0.000002
1279 0 0.000003
1279 0 0.000003
1279 0 0.000002
1279 0 0.000003
1279 0 0.000003
1279 0 0.000003
1279 0 0.000003
1279 0 0.000003
1279 0 0.000003
1279 0 0.000003
1279 0 0.000002
1279 0 0.000003
1279 0 0.000003
1279 0 0.000003
1279 0 0.000003
1279 0 0.000003
1279 0 0.000003
1279 0 0.000003
1279 0 0.000002
1279 0 0.000003
1279 0 0.000003
1279 0 0.000002
1279 0 0.000003
1279 0 0.000003
1279 0 0.000003
1279 0 0.000003
1279 0 0.000002
1279 0 0.000003
1279 0 0.000003
1279 0 0.000002
1279 0 0.000003
1279 0 0.000003
1279 0 0.000003
1279 0 0.000003
1279 0 0.000002
1279 0 0.000003
1279 0 0.000003
1279 0 0.000003
1279 0 0.000003
1279 0 0.000003
1279 0 0.000003
1279 0 0.000003
1279 0 0.000002
1279 0 0.000003
1279 0 0.000003
1279 0 0.000002
1279 0 0.000003
1279 0 0.000003
1279 0 0.000003
1279 0 0.000004
1279 0 0.000003
1279 0 0.000004
1279 0 0.000004
1279 0 0.000004
1279 0 0.000003
1279 0 0.000003
1279 0 0.000003
1279 0 0.000003
1279 0 0.000002
1279 0 0.000003
1279 0 0.000002
1279 0 0.000003
1279 0 0.000003
1279 0 0.000003
1279 0 0.000003
1279 0 0.000002
1279 0 0.000003
1279 0 0.000003
1279 0 0.000003
1279 0 0.000003
1279 0 0.000002
1279 0 0.000003

2559 0 0.000006
2559 0 0.000005
2559 0 0.000006
2559 0 0.000005
2559 0 0.000005
2559 0 0.000006
2559 0 0.000006
2559 0 0.000005
2559 0 0.000006
2559 0 0.000005
2559 0 0.000005
2559 0 0.000006
2559 0 0.000005
2559 0 0.000006
2559 0 0.000005
2559 0 0.000006
2559 0 0.000005
2559 0 0.000006
2559 0 0.000005
2559 0 0.000006
2559 0 0.000005
2559 0 0.000006
2559 0 0.000005
2559 0 0.000006
2559 0 0.000005
2559 0 0.000005
2559 0 0.000006
2559 0 0.000006
2559 0 0.000005
2559 0 0.000005
2559 0 0.000006
2559 0 0.000005
2559 0 0.000006
2559 0 0.000006
2559 0 0.000005
2559 0 0.000005
2559 0 0.000006
2559 0 0.000006
2559 0 0.000006
2559 0 0.000005
2559 0 0.000006
2559 0 0.000005
2559 0 0.000006
2559 0 0.000005
2559 0 0.000006
2559 0 0.000005
2559 0 0.000007
2559 0 0.000006
2559 0 0.000005
2559 0 0.000005
2559 0 0.000006
2559 0 0.000005
2559 0 0.000006
2559 0 0.000005
2559 0 0.000006
2559 0 0.000005
2559 0 0.000006
2559 0 0.000005
2559 0 0.000007
2559 0 0.000005
2559 0 0.000006
2559 0 0.000005
2559 0 0.000005
2559 0 0.000006
2559 0 0.000005
2559 0 0.000006
2559 0 0.000005
2559 0 0.000006
2559 0 0.000006
2559 0 0.000006
2559 0 0.000006
2559 0 0.000005
2559 0 0.000005
2559 0 0.000005
2559 0 0.000006
2559 0 0.000005
2559 0 0.000007
2559 0 0.000006
2559 0 0.000005
2559 0 0.000006
2559 0 0.000005
2559 0 0.000005
2559 0 0.000006
2559 0 0.000005
2559 0 0.000006
2559 0 0.000005
2559 0 0.000006
2559 0 0.000005
2559 0 0.000006
2559 0 0.000005
2559 0 0.000006
2559 0 0.000005
2559 0 0.000006
2559 0 0.000005
2559 0 0.000006
2559 0 0.000005
2559 0 0.000006
2559 0 0.000005
2559 0 0.000005
2559 0 0.000006

5119 0 0.000011
5119 0 0.000011
5119 0 0.000011
5119 0 0.000011
5119 0 0.000013
5119 0 0.000011
5119 0 0.000010
5119 0 0.000011
5119 0 0.000011
5119 0 0.000011
5119 0 0.000011
5119 0 0.000011
5119 0 0.000012
5119 0 0.000011
5119 0 0.000010
5119 0 0.000011
5119 0 0.000011
5119 0 0.000011
5119 0 0.000011
5119 0 0.000011
5119 0 0.000011
5119 0 0.000010
5119 0 0.000011
5119 0 0.000011
5119 0 0.000011
5119 0 0.000011
5119 0 0.000015
5119 0 0.000011
5119 0 0.000011
5119 0 0.000011
5119 0 0.000011
5119 0 0.000011
5119 0 0.000010
5119 0 0.000011
5119 0 0.000012
5119 0 0.000011
5119 0 0.000011
5119 0 0.000010
5119 0 0.000011
5119 0 0.000010
5119 0 0.000011
5119 0 0.000011
5119 0 0.000011
5119 0 0.000011
5119 0 0.000011
5119 0 0.000011
5119 0 0.000012
5119 0 0.000010
5119 0 0.000011
5119 0 0.000011
5119 0 0.000011
5119 0 0.000011
5119 0 0.000011
5119 0 0.000011
5119 0 0.000010
5119 0 0.000011
5119 0 0.000011
5119 0 0.000010
5119 0 0.000011
5119 0 0.000010
5119 0 0.000011
5119 0 0.000011
5119 0 0.000010
5119 0 0.000011
5119 0 0.000010
5119 0 0.000011
5119 0 0.000011
5119 0 0.000010
5119 0 0.000011
5119 0 0.000011
5119 0 0.000011
5119 0 0.000011
5119 0 0.000012
5119 0 0.000011
5119 0 0.000011
5119 0 0.000012
5119 0 0.000010
5119 0 0.000011
5119 0 0.000011
5119 0 0.000010
5119 0 0.000011
5119 0 0.000010
5119 0 0.000011
5119 0 0.000011
5119 0 0.000011
5119 0 0.000011
5119 0 0.000010
5119 0 0.000013
5119 0 0.000012
5119 0 0.000011
5119 0 0.000011
5119 0 0.000011
5119 0 0.000010
5119 0 0.000011
5119 0 0.000010
5119 0 0.000011
5119 0 0.000011
5119 0 0.000011
5119 0 0.000011
5119 0 0.000011

10239 0 0.000022
10239 0 0.000023
10239 0 0.000022
10239 0 0.000021
10239 0 0.000021
10239 0 0.000022
10239 0 0.000023
10239 0 0.000025
10239 0 0.000021
10239 0 0.000025
10239 0 0.000022
10239 0 0.000021
10239 0 0.000021
10239 0 0.000022
10239 0 0.000021
10239 0 0.000021
10239 0 0.000022
10239 0 0.000023
10239 0 0.000027
10239 0 0.000022
10239 0 0.000024
10239 0 0.000026
10239 0 0.000025
10239 0 0.000021
10239 0 0.000023
10239 0 0.000025
10239 0 0.000021
10239 0 0.000021
10239 0 0.000022
10239 0 0.000027
10239 0 0.000035
10239 0 0.000021
10239 0 0.000022
10239 0 0.000022
10239 0 0.000021
10239 0 0.000021
10239 0 0.000021
10239 0 0.000021
10239 0 0.000021
10239 0 0.000022
10239 0 0.000021
10239 0 0.000025
10239 0 0.000025
10239 0 0.000023
10239 0 0.000022
10239 0 0.000022
10239 0 0.000026
10239 0 0.000023
10239 0 0.000021
10239 0 0.000021
10239 0 0.000021
10239 0 0.000021
10239 0 0.000021
10239 0 0.000037
10239 0 0.000025
10239 0 0.000021
10239 0 0.000021
10239 0 0.000021
10239 0 0.000021
10239 0 0.000022
10239 0 0.000022
10239 0 0.000026
10239 0 0.000022
10239 0 0.000024
10239 0 0.000022
10239 0 0.000025
10239 0 0.000022
10239 0 0.000023
10239 0 0.000022
10239 0 0.000023
10239 0 0.000026
10239 0 0.000022
10239 0 0.000022
10239 0 0.000022
10239 0 0.000021
10239 0 0.000021
10239 0 0.000021
10239 0 0.000021
10239 0 0.000022
10239 0 0.000023
10239 0 0.000023
10239 0 0.000035
10239 0 0.000022
10239 0 0.000021
10239 0 0.000021
10239 0 0.000022
10239 0 0.000021
10239 0 0.000022
10239 0 0.000024
10239 0 0.000022
10239 0 0.000026
10239 0 0.000022
10239 0 0.000021
10239 0 0.000021
10239 0 0.000021
10239 0 0.000022
10239 0 0.000022
10239 0 0.000022
10239 0 0.000021
10239 0 0.000021

20479 0 0.000047
20479 0 0.000047
20479 0 0.000055
20479 0 0.000048
20479 0 0.000043
20479 0 0.000043
20479 0 0.000043
20479 0 0.000046
20479 0 0.000048
20479 0 0.000043
20479 0 0.000043
20479 0 0.000045
20479 0 0.000064
20479 0 0.000042
20479 0 0.000042
20479 0 0.000042
20479 0 0.000042
20479 0 0.000043
20479 0 0.000043
20479 0 0.000047
20479 0 0.000064
20479 0 0.000047
20479 0 0.000043
20479 0 0.000042
20479 0 0.000043
20479 0 0.000042
20479 0 0.000048
20479 0 0.000043
20479 0 0.000043
20479 0 0.000042
20479 0 0.000045
20479 0 0.000043
20479 0 0.000045
20479 0 0.000043
20479 0 0.000047
20479 0 0.000043
20479 0 0.000043
20479 0 0.000043
20479 0 0.000043
20479 0 0.000046
20479 0 0.000049
20479 0 0.000044
20479 0 0.000043
20479 0 0.000043
20479 0 0.000050
20479 0 0.000043
20479 0 0.000043
20479 0 0.000045
20479 0 0.000043
20479 0 0.000042
20479 0 0.000043
20479 0 0.000043
20479 0 0.000042
20479 0 0.000043
20479 0 0.000047
20479 0 0.000043
20479 0 0.000047
20479 0 0.000044
20479 0 0.000044
20479 0 0.000045
20479 0 0.000043
20479 0 0.000044
20479 0 0.000042
20479 0 0.000043
20479 0 0.000042
20479 0 0.000050
20479 0 0.000047
20479 0 0.000042
20479 0 0.000045
20479 0 0.000045
20479 0 0.000043
20479 0 0.000043
20479 0 0.000043
20479 0 0.000043
20479 0 0.000044
20479 0 0.000042
20479 0 0.000043
20479 0 0.000044
20479 0 0.000044
20479 0 0.000044
20479 0 0.000047
20479 0 0.000043
20479 0 0.000048
20479 0 0.000054
20479 0 0.000042
20479 0 0.000046
20479 0 0.000052
20479 0 0.000047
20479 0 0.000042
20479 0 0.000045
20479 0 0.000042
20479 0 0.000043
20479 0 0.000042
20479 0 0.000044
20479 0 0.000042
20479 0 0.000043
20479 0 0.000044
20479 0 0.000044
20479 0 0.000043
20479 0 0.000047

40959 0 0.000103
40959 0 0.000085
40959 0 0.000090
40959 0 0.000089
40959 0 0.000094
40959 0 0.000086
40959 0 0.000087
40959 0 0.000096
40959 0 0.000099
40959 0 0.000092
40959 0 0.000089
40959 0 0.000092
40959 0 0.000088
40959 0 0.000085
40959 0 0.000088
40959 0 0.000086
40959 0 0.000095
40959 0 0.000097
40959 0 0.000089
40959 0 0.000087
40959 0 0.000099
40959 0 0.000102
40959 0 0.000091
40959 0 0.000094
40959 0 0.000087
40959 0 0.000089
40959 0 0.000094
40959 0 0.000087
40959 0 0.000093
40959 0 0.000097
40959 0 0.000091
40959 0 0.000100
40959 0 0.000089
40959 0 0.000090
40959 0 0.000096
40959 0 0.000095
40959 0 0.000097
40959 0 0.000100
40959 0 0.000093
40959 0 0.000097
40959 0 0.000102
40959 0 0.000091
40959 0 0.000092
40959 0 0.000097
40959 0 0.000100
40959 0 0.000095
40959 0 0.000088
40959 0 0.000092
40959 0 0.000090
40959 0 0.000101
40959 0 0.000093
40959 0 0.000096
40959 0 0.000092
40959 0 0.000085
40959 0 0.000090
40959 0 0.000096
40959 0 0.000103
40959 0 0.000097
40959 0 0.000100
40959 0 0.000097
40959 0 0.000086
40959 0 0.000088
40959 0 0.000094
40959 0 0.000094
40959 0 0.000095
40959 0 0.000095
40959 0 0.000093
40959 0 0.000087
40959 0 0.000091
40959 0 0.000086
40959 0 0.000102
40959 0 0.000088
40959 0 0.000087
40959 0 0.000088
40959 0 0.000106
40959 0 0.000095
40959 0 0.000086
40959 0 0.000128
40959 0 0.000102
40959 0 0.000104
40959 0 0.000086
40959 0 0.000092
40959 0 0.000088
40959 0 0.000095
40959 0 0.000090
40959 0 0.000092
40959 0 0.000100
40959 0 0.000095
40959 0 0.000096
40959 0 0.000091
40959 0 0.000085
40959 0 0.000097
40959 0 0.000089
40959 0 0.000098
40959 0 0.000092
40959 0 0.000085
40959 0 0.000089
40959 0 0.000097
40959 0 0.000090
40959 0 0.000103