209 209 0.000002
209 209 0.000001
209 209 0.000001
209 209 0.000000
208 208 0.000001
209 209 0.000001
209 209 0.000000
208 208 0.000001
209 209 0.000001
209 209 0.000000
209 209 0.000001
209 209 0.000001
209 209 0.000000
209 209 0.000000
209 209 0.000001
209 209 0.000001
208 208 0.000000
209 209 0.000001
207 207 0.000001
209 209 0.000000
209 209 0.000001
209 209 0.000001
208 208 0.000000
208 208 0.000000
209 209 0.000001
209 209 0.000001
209 209 0.000000
209 209 0.000001
209 209 0.000001
209 209 0.000000
209 209 0.000001
209 209 0.000001
208 208 0.000000
208 208 0.000000
209 209 0.000001
209 209 0.000001
209 209 0.000000
209 209 0.000001
208 208 0.000001
209 209 0.000000
209 209 0.000001
209 209 0.000001
209 209 0.000000
209 209 0.000000
209 209 0.000001
209 209 0.000001
209 209 0.000000
209 209 0.000001
209 209 0.000001
209 209 0.000000
209 209 0.000000
209 209 0.000001
209 209 0.000001
209 209 0.000000
209 209 0.000001
208 208 0.000001
209 209 0.000000
209 209 0.000001
208 207 0.000001
209 209 0.000000
209 209 0.000001
209 209 0.000001
209 209 0.000000
208 208 0.000000
209 209 0.000001
209 209 0.000001
209 209 0.000000
209 209 0.000001
209 209 0.000001
209 209 0.000000
209 209 0.000001
208 208 0.000001
209 209 0.000000
208 208 0.000001
208 208 0.000001
209 209 0.000000
209 209 0.000000
209 209 0.000001
209 209 0.000001
209 209 0.000000
209 209 0.000001
209 209 0.000001
209 209 0.000000
209 209 0.000001
209 209 0.000001
209 209 0.000000
209 209 0.000000
208 208 0.000001
209 209 0.000001
209 209 0.000000
209 209 0.000001
207 207 0.000001
208 208 0.000000
209 209 0.000000
209 209 0.000001
208 208 0.000001
209 209 0.000000
208 208 0.000001
209 209 0.000001
209 209 0.000000

817 817 0.000002
819 819 0.000002
819 819 0.000002
819 819 0.000002
818 818 0.000001
819 819 0.000002
818 818 0.000002
819 819 0.000002
819 819 0.000002
818 818 0.000002
819 819 0.000002
819 819 0.000002
818 818 0.000002
819 819 0.000002
819 819 0.000002
819 819 0.000002
818 818 0.000002
818 818 0.000001
819 819 0.000002
819 819 0.000002
818 818 0.000002
819 819 0.000001
818 818 0.000002
817 817 0.000002
818 818 0.000002
818 818 0.000002
818 818 0.000002
818 818 0.000002
819 819 0.000002
819 819 0.000002
818 818 0.000002
819 819 0.000002
819 819 0.000002
819 819 0.000002
817 817 0.000001
819 819 0.000002
819 819 0.000002
818 818 0.000002
819 819 0.000002
819 819 0.000002
819 819 0.000002
819 819 0.000002
819 819 0.000002
819 819 0.000002
819 819 0.000002
819 819 0.000002
818 817 0.000002
818 818 0.000001
819 819 0.000002
818 818 0.000002
818 818 0.000002
818 818 0.000001
817 817 0.000002
819 819 0.000002
819 819 0.000002
817 817 0.000002
817 817 0.000002
819 819 0.000002
819 819 0.000002
819 819 0.000002
819 819 0.000001
819 819 0.000002
819 819 0.000002
819 819 0.000002
818 818 0.000001
818 818 0.000002
819 819 0.000002
818 818 0.000002
819 819 0.000002
819 819 0.000002
818 818 0.000002
818 818 0.000002
819 819 0.000002
819 819 0.000001
819 819 0.000002
819 819 0.000002
819 819 0.000002
819 819 0.000001
818 818 0.000002
819 819 0.000002
819 819 0.000002
819 819 0.000002
818 818 0.000002
819 819 0.000002
819 819 0.000002
819 819 0.000002
819 819 0.000001
818 818 0.000002
819 819 0.000002
819 819 0.000002
818 818 0.000002
819 819 0.000001
819 819 0.000002
818 818 0.000002
817 817 0.000002
819 819 0.000001
818 818 0.000002
819 819 0.000002
819 819 0.000002
819 819 0.000002

3238 3238 0.000007
3239 3239 0.000007
3238 3238 0.000007
3237 3237 0.000049
3237 3237 0.000006
3238 3238 0.000007
3239 3239 0.000007
3239 3239 0.000007
3238 3238 0.000007
3239 3239 0.000006
3238 3238 0.000012
3239 3239 0.000007
3238 3238 0.000007
3236 3236 0.000007
3237 3237 0.000007
3239 3239 0.000007
3235 3235 0.000007
3239 3239 0.000007
3238 3238 0.000007
3238 3238 0.000007
3238 3238 0.000007
3237 3237 0.000006
3238 3238 0.000007
3237 3237 0.000007
3239 3239 0.000007
3236 3236 0.000007
3239 3239 0.000007
3239 3239 0.000006
3236 3236 0.000007
3237 3237 0.000007
3238 3238 0.000007
3239 3239 0.000007
3239 3239 0.000006
3239 3239 0.000007
3238 3238 0.000007
3238 3238 0.000007
3238 3238 0.000007
3239 3239 0.000007
3239 3239 0.000007
3239 3239 0.000007
3238 3238 0.000007
3238 3238 0.000007
3239 3239 0.000006
3239 3239 0.000020
3237 3237 0.000007
3239 3239 0.000007
3238 3238 0.000007
3239 3239 0.000007
3238 3238 0.000007
3239 3239 0.000006
3239 3239 0.000007
3237 3237 0.000007
3237 3237 0.000007
3238 3237 0.000007
3239 3239 0.000006
3238 3238 0.000007
3238 3238 0.000007
3238 3238 0.000007
3239 3239 0.000007
3238 3238 0.000006
3238 3238 0.000007
3237 3237 0.000007
3237 3237 0.000007
3237 3237 0.000007
3237 3237 0.000007
3239 3239 0.000006
3238 3238 0.000007
3238 3238 0.000007
3239 3239 0.000007
3239 3239 0.000007
3237 3237 0.000008
3238 3238 0.000008
3239 3239 0.000008
3239 3239 0.000008
3239 3239 0.000007
3238 3238 0.000008
3237 3237 0.000008
3237 3237 0.000007
3237 3237 0.000008
3239 3239 0.000008
3238 3238 0.000008
3238 3238 0.000007
3239 3239 0.000006
3237 3237 0.000007
3239 3239 0.000007
3238 3238 0.000007
3239 3239 0.000007
3238 3238 0.000007
3239 3239 0.000007
3237 3237 0.000007
3236 3236 0.000007
3238 3238 0.000007
3238 3238 0.000006
3239 3239 0.000007
3238 3238 0.000007
3239 3239 0.000007
3238 3238 0.000007
3239 3239 0.000007
3239 3239 0.000007
3239 3239 0.000007

12877 12877 0.000027
12875 12875 0.000026
12878 12878 0.000039
12879 12879 0.000027
12878 12878 0.000027
12877 12877 0.000027
12879 12879 0.000028
12878 12878 0.000031
12879 12879 0.000027
12878 12878 0.000028
12876 12876 0.000030
12878 12878 0.000027
12878 12878 0.000027
12877 12877 0.000028
12879 12879 0.000074
12878 12878 0.000026
12877 12877 0.000027
12875 12875 0.000027
12875 12875 0.000027
12877 12877 0.000027
12877 12877 0.000027
12879 12879 0.000027
12879 12879 0.000027
12879 12879 0.000027
12877 12877 0.000027
12879 12879 0.000027
12878 12878 0.000027
12878 12878 0.000027
12877 12877 0.000027
12878 12878 0.000027
12879 12879 0.000027
12879 12879 0.000027
12879 12879 0.000026
12878 12878 0.000027
12876 12876 0.000029
12878 12878 0.000027
12876 12876 0.000027
12877 12877 0.000027
12877 12877 0.000027
12879 12879 0.000027
12878 12878 0.000027
12877 12877 0.000031
12878 12878 0.000027
12879 12879 0.000027
12878 12878 0.000027
12879 12879 0.000027
12878 12878 0.000027
12879 12879 0.000027
12876 12876 0.000027
12878 12878 0.000027
12878 12878 0.000027
12877 12877 0.000027
12878 12878 0.000027
12876 12876 0.000026
12877 12877 0.000026
12877 12877 0.000027
12878 12878 0.000028
12878 12878 0.000027
12876 12876 0.000027
12878 12878 0.000029
12876 12876 0.000027
12878 12878 0.000027
12877 12877 0.000026
12878 12878 0.000026
12879 12879 0.000026
12877 12877 0.000027
12878 12878 0.000027
12878 12878 0.000027
12875 12875 0.000028
12877 12877 0.000027
12877 12877 0.000029
12879 12879 0.000027
12876 12876 0.000027
12877 12877 0.000026
12878 12878 0.000026
12879 12879 0.000027
12876 12876 0.000027
12877 12877 0.000031
12876 12876 0.000027
12877 12877 0.000026
12876 12876 0.000026
12878 12878 0.000027
12874 12874 0.000027
12876 12876 0.000027
12875 12875 0.000027
12878 12878 0.000027
12878 12878 0.000029
12879 12879 0.000027
12876 12876 0.000027
12876 12876 0.000027
12877 12877 0.000028
12876 12876 0.000030
12879 12879 0.000029
12879 12879 0.000027
12877 12877 0.000027
12878 12878 0.000027
12876 12876 0.000027
12878 12878 0.000027
12877 12877 0.000027
12878 12878 0.000027

51353 51353 0.000110
51356 51356 0.000106
51356 51356 0.000110
51358 51358 0.000112
51356 51356 0.000107
51358 51358 0.000109
51356 51356 0.000111
51358 51358 0.000112
51355 51355 0.000111
51354 51354 0.000117
51355 51355 0.000108
51357 51357 0.000108
51356 51356 0.000112
51354 51354 0.000107
51359 51359 0.000108
51356 51356 0.000109
51354 51354 0.000109
51353 51353 0.000107
51354 51354 0.000106
51358 51358 0.000106
51356 51356 0.000106
51358 51358 0.000115
51357 51357 0.000106
51359 51359 0.000108
51356 51356 0.000110
51358 51358 0.000107
51355 51355 0.000111
51359 51359 0.000114
51353 51352 0.000109
51350 51350 0.000111
51359 51359 0.000108
51355 51355 0.000113
51357 51357 0.000107
51358 51358 0.000114
51359 51359 0.000109
51351 51351 0.000109
51357 51357 0.000107
51353 51353 0.000113
51357 51357 0.000112
51356 51356 0.000115
51358 51358 0.000112
51357 51357 0.000110
51354 51353 0.000110
51355 51355 0.000119
51355 51355 0.000107
51356 51356 0.000107
51355 51355 0.000108
51357 51357 0.000109
51357 51357 0.000107
51356 51356 0.000110
51355 51355 0.000106
51356 51356 0.000111
51355 51355 0.000112
51356 51356 0.000112
51357 51357 0.000106
51356 51356 0.000106
51359 51359 0.000119
51357 51357 0.000111
51355 51355 0.000115
51354 51354 0.000106
51355 51355 0.000108
51353 51353 0.000110
51359 51359 0.000107
51358 51358 0.000186
51356 51356 0.000108
51358 51358 0.000108
51355 51355 0.000112
51358 51358 0.000111
51357 51357 0.000110
51355 51355 0.000110
51356 51356 0.000108
51357 51357 0.000108
51359 51359 0.000109
51358 51358 0.000110
51359 51359 0.000107
51355 51355 0.000107
51354 51354 0.000111
51357 51357 0.000116
51357 51357 0.000107
51355 51355 0.000106
51356 51356 0.000108
51358 51358 0.000107
51358 51358 0.000107
51354 51354 0.000106
51355 51355 0.000106
51356 51356 0.000110
51357 51357 0.000111
51355 51355 0.000106
51356 51356 0.000107
51358 51358 0.000107
51356 51356 0.000107
51355 51355 0.000107
51357 51357 0.000107
51352 51352 0.000106
51354 51354 0.000107
51353 51353 0.000109
51358 51358 0.000107
51355 51355 0.000106
51354 51354 0.000107
51358 51358 0.000108

205109 205109 0.000431
205112 205112 0.000434
205111 205111 0.000433
205111 205111 0.000448
205116 205116 0.000431
205108 205108 0.000432
205115 205115 0.000430
205111 205111 0.000427
205115 205115 0.000428
205106 205106 0.000427
205112 205112 0.000440
205112 205112 0.000435
205113 205113 0.000457
205113 205113 0.000434
205110 205110 0.000429
205115 205115 0.000607
205108 205108 0.000439
205111 205111 0.000433
205115 205115 0.000433
205108 205108 0.000429
205112 205112 0.000429
205109 205109 0.000434
205111 205111 0.000436
205113 205113 0.000430
205114 205114 0.000436
205114 205114 0.000436
205112 205112 0.000434
205114 205114 0.000426
205111 205111 0.000429
205112 205112 0.000434
205112 205112 0.000434
205114 205114 0.000429
205115 205115 0.000435
205113 205113 0.000426
205113 205113 0.000431
205113 205113 0.000427
205111 205111 0.000433
205107 205107 0.000425
205114 205114 0.000436
205107 205107 0.000440
205114 205114 0.000425
205110 205110 0.000428
205111 205111 0.000428
205111 205111 0.000433
205114 205114 0.000425
205115 205115 0.000428
205108 205108 0.000433
205109 205109 0.000428
205112 205112 0.000447
205108 205108 0.000427
205113 205113 0.000437
205116 205116 0.000431
205109 205109 0.000427
205112 205112 0.000434
205116 205116 0.000432
205111 205111 0.000429
205114 205114 0.000429
205113 205113 0.000435
205115 205115 0.000432
205101 205101 0.000430
205112 205112 0.000431
205115 205115 0.000437
205111 205111 0.000433
205110 205110 0.000429
205110 205110 0.000425
205109 205109 0.000437
205115 205115 0.000443
205111 205111 0.000430
205116 205116 0.000436
205114 205114 0.000427
205117 205117 0.000434
205112 205112 0.000428
205111 205111 0.000429
205112 205112 0.000425
205112 205112 0.000432
205112 205112 0.000432
205112 205112 0.000424
205115 205115 0.000441
205116 205116 0.000425
205113 205113 0.000429
205114 205114 0.000426
205115 205115 0.000430
205111 205111 0.000435
205116 205116 0.000427
205115 205115 0.000439
205112 205112 0.000427
205112 205112 0.000434
205112 205112 0.000425
205110 205110 0.000430
205112 205112 0.000429
205111 205111 0.000427
205117 205117 0.000435
205115 205115 0.000425
205108 205108 0.000443
205115 205115 0.000431
205112 205112 0.000426
205111 205110 0.000434
205110 205110 0.000427
205116 205116 0.000430
205114 205114 0.000427

819827 819827 0.001742
819815 819815 0.001718
819827 819827 0.001730
819827 819827 0.001718
819829 819829 0.001715
819825 819825 0.001729
819826 819826 0.001708
819822 819822 0.001722
819822 819822 0.001731
819822 819822 0.001740
819826 819826 0.001730
819823 819823 0.001721
819823 819823 0.001722
819826 819826 0.001724
819829 819829 0.001717
819831 819831 0.001712
819825 819825 0.001740
819828 819828 0.001735
819831 819831 0.001740
819827 819827 0.001732
819826 819826 0.001733
819823 819823 0.001741
819823 819823 0.001704
819823 819823 0.001722
819826 819826 0.001732
819824 819824 0.001729
819824 819824 0.001710
819825 819825 0.001702
819827 819827 0.001716
819828 819828 0.001733
819827 819827 0.001739
819821 819821 0.001724
819824 819824 0.001725
819826 819826 0.001700
819827 819827 0.001726
819834 819834 0.001705
819819 819819 0.001707
819823 819823 0.001713
819830 819830 0.001718
819832 819832 0.001723
819823 819823 0.001728
819831 819831 0.001730
819833 819833 0.001727
819829 819829 0.001716
819827 819827 0.001714
819826 819826 0.001705
819824 819824 0.001717
819830 819830 0.001718
819826 819826 0.001734
819831 819831 0.001718
819822 819822 0.001886
819826 819826 0.001731
819832 819832 0.001733
819827 819827 0.001725
819833 819833 0.001719
819824 819824 0.001718
819828 819828 0.001720
819823 819823 0.001748
819826 819826 0.001804
819829 819829 0.001713
819827 819827 0.001721
819827 819827 0.001713
819819 819819 0.001733
819829 819829 0.001721
819827 819827 0.001749
819821 819821 0.001718
819829 819829 0.001723
819831 819831 0.001708
819827 819827 0.001727
819828 819828 0.001720
819827 819827 0.001741
819826 819826 0.001750
819826 819826 0.001752
819826 819825 0.001734
819825 819825 0.001712
819830 819830 0.001728
819825 819825 0.001736
819825 819825 0.001719
819827 819827 0.001742
819824 819824 0.001725
819824 819824 0.001757
819826 819826 0.001799
819825 819825 0.001750
819822 819822 0.001745
819823 819823 0.001715
819831 819831 0.001734
819822 819822 0.001712
819826 819826 0.001738
819823 819823 0.001726
819828 819828 0.001736
819828 819828 0.001712
819823 819823 0.001729
819822 819822 0.001713
819825 819825 0.001720
819831 819831 0.001726
819829 819829 0.001736
819825 819825 0.001740
819821 819821 0.001736
819826 819826 0.001727
819829 819829 0.001724

3278060 3278060 0.006890
3278043 3278043 0.006921
3278054 3278054 0.006873
3278063 3278063 0.006884
3278048 3278048 0.006912
3278051 3278051 0.007131
3278061 3278061 0.006877
3278049 3278049 0.006914
3278052 3278052 0.006951
3278054 3278054 0.006920
3278045 3278045 0.006929
3278055 3278055 0.006918
3278053 3278053 0.006952
3278060 3278060 0.006922
3278046 3278046 0.006900
3278055 3278055 0.006910
3278050 3278050 0.006978
3278045 3278045 0.006928
3278057 3278057 0.006856
3278051 3278051 0.006896
3278049 3278049 0.006877
3278049 3278049 0.006876
3278054 3278054 0.006884
3278056 3278056 0.007053
3278056 3278056 0.006884
3278055 3278055 0.006981
3278058 3278058 0.006905
3278055 3278055 0.006885
3278055 3278055 0.006890
3278051 3278051 0.006861
3278057 3278057 0.006873
3278046 3278046 0.006891
3278061 3278061 0.006893
3278043 3278043 0.006962
3278057 3278057 0.006867
3278055 3278055 0.006874
3278053 3278053 0.006872
3278053 3278053 0.006868
3278053 3278053 0.006865
3278057 3278057 0.006870
3278042 3278042 0.006871
3278056 3278056 0.007057
3278055 3278055 0.006867
3278045 3278045 0.006871
3278043 3278043 0.006889
3278051 3278051 0.006868
3278037 3278037 0.006883
3278052 3278052 0.007257
3278051 3278051 0.006894
3278047 3278047 0.006855
3278056 3278056 0.006882
3278038 3278038 0.006877
3278054 3278054 0.006854
3278063 3278063 0.006880
3278054 3278054 0.006882
3278053 3278052 0.006891
3278058 3278058 0.006860
3278066 3278066 0.006892
3278051 3278051 0.006875
3278056 3278056 0.007060
3278046 3278046 0.006868
3278058 3278058 0.006877
3278050 3278049 0.006878
3278044 3278044 0.006873
3278052 3278052 0.006875
3278053 3278053 0.006901
3278049 3278049 0.006911
3278050 3278050 0.006870
3278060 3278060 0.006874
3278052 3278052 0.007013
3278057 3278057 0.006906
3278052 3278051 0.006907
3278053 3278053 0.006885
3278048 3278048 0.006929
3278053 3278053 0.006929
3278061 3278061 0.006871
3278054 3278054 0.006863
3278063 3278063 0.007056
3278060 3278060 0.006893
3278049 3278049 0.007013
3278051 3278051 0.006873
3278054 3278054 0.006868
3278055 3278055 0.006892
3278053 3278053 0.006891
3278057 3278057 0.006858
3278054 3278054 0.006855
3278062 3278062 0.006877
3278042 3278042 0.006849
3278055 3278055 0.006875
3278053 3278053 0.007088
3278053 3278053 0.006859
3278057 3278057 0.006856
3278057 3278057 0.006842
3278049 3278049 0.006920
3278044 3278044 0.007103
3278054 3278054 0.007084
3278057 3278057 0.006901
3278059 3278059 0.006893
3278054 3278054 0.006903
3278058 3278058 0.006922

13109706 13109706 0.027429
13109707 13109707 0.027837
13109705 13109705 0.027666
13109705 13109705 0.027675
13109695 13109695 0.027545
13109710 13109710 0.027589
13109703 13109703 0.027568
13109706 13109706 0.027627
13109711 13109711 0.027885
13109696 13109696 0.027601
13109712 13109712 0.027544
13109712 13109712 0.027367
13109723 13109723 0.027584
13109706 13109706 0.027339
13109711 13109711 0.027354
13109716 13109716 0.027357
13109712 13109712 0.027527
13109705 13109705 0.027454
13109696 13109696 0.027506
13109700 13109700 0.027513
13109715 13109715 0.027586
13109717 13109717 0.027523
13109699 13109699 0.027713
13109712 13109712 0.027370
13109699 13109699 0.027390
13109711 13109711 0.027530
13109703 13109703 0.027334
13109706 13109706 0.027325
13109708 13109708 0.027338
13109717 13109717 0.027337
13109711 13109711 0.027521
13109707 13109707 0.027368
13109700 13109700 0.027322
13109705 13109705 0.027699
13109716 13109716 0.027510
13109707 13109707 0.027389
13109709 13109709 0.027418
13109720 13109720 0.027447
13109703 13109703 0.027396
13109717 13109717 0.027517
13109704 13109704 0.027462
13109712 13109712 0.027362
13109708 13109708 0.027401
13109705 13109705 0.027554
13109698 13109698 0.027344
13109707 13109707 0.027354
13109698 13109698 0.027385
13109709 13109709 0.027334
13109709 13109709 0.027553
13109710 13109710 0.027393
13109703 13109703 0.027434
13109697 13109697 0.027375
13109699 13109699 0.027711
13109709 13109709 0.027407
13109702 13109702 0.027380
13109708 13109708 0.027387
13109710 13109710 0.027370
13109710 13109710 0.027682
13109704 13109704 0.027445
13109703 13109703 0.027847
13109715 13109715 0.027546
13109699 13109699 0.027771
13109711 13109711 0.027409
13109708 13109708 0.027551
13109705 13109705 0.027777
13109699 13109699 0.028146
13109712 13109712 0.027801
13109699 13109699 0.027623
13109707 13109707 0.027614
13109711 13109711 0.027886
13109708 13109708 0.027744
13109713 13109713 0.027602
13109715 13109715 0.027437
13109714 13109714 0.027416
13109711 13109711 0.027391
13109708 13109708 0.027679
13109712 13109712 0.027544
13109707 13109707 0.027386
13109711 13109711 0.027622
13109715 13109715 0.027816
13109695 13109695 0.027692
13109702 13109702 0.027880
13109720 13109720 0.027709
13109711 13109711 0.027651
13109719 13109719 0.027953
13109710 13109710 0.027648
13109718 13109718 0.027583
13109698 13109698 0.027608
13109724 13109724 0.027861
13109714 13109714 0.027678
13109705 13109705 0.027583
13109709 13109709 0.027746
13109701 13109701 0.027763
13109708 13109708 0.027793
13109704 13109704 0.028399
13109703 13109703 0.027920
13109708 13109708 0.027823
13109718 13109718 0.027791
13109712 13109712 0.027565
13109719 13109719 0.027706

52433798 52433798 0.110525
52433807 52433807 0.111081
52433837 52433837 0.110829
52433810 52433810 0.110036
52433817 52433817 0.111833
52433824 52433824 0.114335
52433807 52433807 0.111233
52433804 52433804 0.110936
52433819 52433819 0.111605
52433799 52433799 0.125452
52433828 52433828 0.110124
52433829 52433829 0.110929
52433824 52433824 0.110667
52433819 52433819 0.112361
52433818 52433818 0.111914
52433811 52433811 0.112276
52433813 52433813 0.111285
52433800 52433800 0.114875
52433827 52433827 0.111251
52433795 52433795 0.111971
52433809 52433809 0.113657
52433814 52433814 0.110589
52433805 52433805 0.118053
52433830 52433830 0.139495
52433820 52433820 0.117519
52433824 52433824 0.110943
52433816 52433816 0.111714
52433820 52433820 0.111767
52433802 52433802 0.110215
52433831 52433831 0.110439
52433811 52433811 0.110443
52433825 52433825 0.110694
52433817 52433817 0.111187
52433836 52433836 0.113221
52433818 52433818 0.110792
52433816 52433816 0.111003
52433795 52433795 0.111347
52433825 52433825 0.114159
52433799 52433799 0.110194
52433825 52433825 0.111530
52433808 52433808 0.112440
52433814 52433814 0.109859
52433796 52433796 0.110120
52433799 52433799 0.110430
52433823 52433823 0.110997
52433814 52433814 0.110405
52433806 52433806 0.111222
52433822 52433822 0.110404
52433788 52433788 0.109983
52433814 52433814 0.110061
52433816 52433816 0.110481
52433819 52433819 0.113614
52433816 52433816 0.110079
52433806 52433806 0.110632
52433820 52433820 0.110862
52433820 52433820 0.110269
52433826 52433826 0.110667
52433821 52433821 0.110176
52433830 52433830 0.110799
52433821 52433821 0.110435
52433818 52433818 0.110358
52433829 52433829 0.110606
52433815 52433815 0.110382
52433815 52433815 0.110392
52433806 52433806 0.110664
52433818 52433818 0.109982
52433823 52433823 0.110585
52433823 52433823 0.109679
52433822 52433822 0.110497
52433828 52433828 0.110180
52433835 52433835 0.109751
52433802 52433802 0.110237
52433799 52433799 0.109999
52433808 52433808 0.110569
52433821 52433821 0.110461
52433816 52433816 0.110187
52433833 52433833 0.110674
52433814 52433814 0.110772
52433822 52433822 0.112273
52433819 52433819 0.111901
52433820 52433820 0.110595
52433815 52433815 0.110305
52433817 52433817 0.111309
52433823 52433823 0.110901
52433829 52433829 0.116423
52433802 52433802 0.110602
52433806 52433806 0.117251
52433823 52433823 0.110736
52433813 52433813 0.110801
52433809 52433809 0.110802
52433811 52433811 0.110581
52433819 52433819 0.111069
52433808 52433808 0.111935
52433822 52433822 0.111367
52433832 52433832 0.111909
52433814 52433814 0.111522
52433828 52433828 0.111438
52433799 52433799 0.112240
52433817 52433817 0.112378
52433821 52433821 0.110940

209725225 209725225 0.442698
209725272 209725272 0.442844
209725233 209725233 0.442177
209725216 209725216 0.442229
209725229 209725229 0.440432
209725207 209725207 0.442449
209725224 209725224 0.448860
209725235 209725235 0.448380
209725260 209725260 0.447299
209725233 209725233 0.449839
209725236 209725236 0.447613
209725232 209725232 0.448947
209725239 209725239 0.445502
209725240 209725240 0.446383
209725216 209725216 0.445790
209725225 209725225 0.446678
209725252 209725252 0.459579
209725229 209725229 0.442763
209725238 209725238 0.445962
209725232 209725232 0.442442
209725229 209725229 0.443890
209725242 209725242 0.442519
209725240 209725240 0.442925
209725232 209725231 0.453229
209725216 209725216 0.446098
209725237 209725237 0.449371
209725245 209725245 0.446078
209725226 209725226 0.440402
209725225 209725225 0.442646
209725250 209725250 0.441579
209725222 209725222 0.443942
209725242 209725242 0.448185
209725246 209725246 0.454627
209725237 209725237 0.445837
209725241 209725241 0.443551
209725214 209725214 0.444160
209725238 209725238 0.442863
209725255 209725255 0.445428
209725219 209725219 0.444413
209725238 209725238 0.443096
209725228 209725228 0.445491
209725251 209725251 0.442017
209725231 209725231 0.441293
209725205 209725205 0.442017
209725245 209725245 0.443441
209725231 209725231 0.443849
209725241 209725241 0.444104
209725202 209725202 0.443524
209725218 209725218 0.442611
209725245 209725245 0.444044
209725236 209725236 0.469751
209725192 209725192 0.445638
209725218 209725218 0.445951
209725220 209725220 0.442134
209725239 209725239 0.440880
209725232 209725232 0.442364
209725221 209725221 0.444555
209725191 209725191 0.443262
209725221 209725221 0.443834
209725235 209725235 0.440344
209725242 209725242 0.443854
209725229 209725229 0.441249
209725253 209725253 0.441651
209725235 209725235 0.441729
209725236 209725236 0.445387
209725210 209725210 0.446348
209725222 209725222 0.445173
209725238 209725238 0.444912
209725209 209725209 0.447269
209725230 209725230 0.444557
209725232 209725232 0.511052
209725229 209725229 0.460915
209725239 209725239 0.445294
209725248 209725248 0.442357
209725226 209725226 0.446616
209725227 209725227 0.444161
209725225 209725225 0.451576
209725280 209725280 0.445187
209725214 209725214 0.442802
209725250 209725250 0.443262
209725250 209725250 0.441227
209725234 209725234 0.442896
209725256 209725256 0.445483
209725245 209725245 0.444088
209725238 209725238 0.442377
209725238 209725238 0.447165
209725238 209725238 0.442933
209725217 209725217 0.443786
209725215 209725215 0.443612
209725235 209725235 0.481780
209725232 209725232 0.482629
209725236 209725236 0.449234
209725231 209725231 0.445247
209725218 209725218 0.441412
209725238 209725238 0.444450
209725251 209725251 0.444972
209725248 209725248 0.447559
209725236 209725236 0.450633
209725219 209725219 0.444461
209725232 209725232 0.446308

838880883 838880883 1.777177
838880846 838880846 1.772759
838880850 838880850 1.771991
838880857 838880857 1.852720
838880887 838880887 1.791040
838880879 838880879 1.874401
838880868 838880868 1.815364
838880890 838880890 1.772502
838880863 838880863 1.795076
838880863 838880863 1.937489
838880840 838880840 1.781227
838880886 838880886 1.785149
838880853 838880853 1.809592
838880886 838880886 1.877462
838880826 838880826 1.761013
838880890 838880890 1.775657
838880860 838880860 1.774691
838880853 838880853 1.767170
838880879 838880879 1.767927
838880892 838880892 1.762463
838880880 838880880 1.775565
838880861 838880861 1.796205
838880861 838880861 1.769931
838880873 838880873 1.811962
838880862 838880862 1.789177
838880886 838880886 1.768823
838880885 838880885 1.762727
838880878 838880878 1.758954
838880923 838880923 1.947997
838880867 838880867 1.821975
838880844 838880844 1.789226
838880826 838880826 1.779481
838880880 838880880 1.811452
838880885 838880885 1.810245
838880891 838880891 1.786949
838880897 838880897 1.794144
838880849 838880849 1.878280
838880871 838880871 1.815719
838880887 838880887 1.825106
838880873 838880873 1.816275
838880856 838880856 1.853305
838880877 838880877 1.869702
838880859 838880859 1.767371
838880893 838880893 1.780309
838880854 838880854 1.763965
838880883 838880883 1.769998
838880857 838880857 1.774111
838880868 838880868 1.771706
838880874 838880874 1.776770
838880859 838880859 1.783770
838880847 838880847 1.788361
838880861 838880861 1.778511
838880856 838880856 1.838396
838880866 838880866 1.781112
838880852 838880852 1.774468
838880888 838880888 1.816135
838880866 838880866 1.781971
838880864 838880864 1.764539
838880849 838880849 1.768696
838880859 838880859 1.854354
838880900 838880900 1.764531
838880877 838880877 1.824937
838880878 838880878 1.782183
838880831 838880831 1.778466
838880862 838880862 1.773789
838880872 838880872 1.776555
838880836 838880836 1.783823
838880882 838880882 1.830916
838880882 838880882 1.822889
838880840 838880840 1.771599
838880868 838880868 1.782259
838880864 838880864 1.772967
838880865 838880865 1.776806
838880873 838880873 1.767406
838880898 838880898 1.772955
838880877 838880877 1.784836
838880883 838880883 1.793348
838880876 838880876 1.774176
838880888 838880888 1.776901
838880913 838880913 1.774717
838880875 838880875 1.772808
838880851 838880851 2.028643
838880885 838880885 1.796423
838880819 838880819 1.782480
838880848 838880848 1.798926
838880879 838880879 1.783318
838880870 838880870 1.911326
838880859 838880859 1.778314
838880885 838880885 1.779445
838880858 838880858 1.786714
838880896 838880896 1.779151
838880829 838880829 1.803529
838880865 838880865 1.782460
838880864 838880864 1.856574
838880881 838880881 1.792645
838880857 838880857 1.800558
838880872 838880872 1.815109
838880851 838880851 1.775563
838880861 838880861 1.777669
838880837 838880837 1.784400