114 113 0.000002
141 141 0.000001
115 113 0.000001
119 114 0.000001
110 109 0.000001
116 115 0.000001
103 99 0.000001
105 104 0.000001
93 89 0.000001
108 106 0.000001
86 80 0.000000
102 102 0.000000
79 76 0.000000
94 90 0.000000
111 107 0.000000
126 123 0.000000
124 124 0.000000
116 115 0.000000
76 69 0.000001
124 123 0.000001
103 99 0.000000
106 103 0.000000
103 100 0.000000
107 103 0.000001
90 87 0.000000
139 137 0.000000
131 130 0.000000
110 105 0.000000
126 125 0.000000
99 96 0.000000
121 120 0.000000
119 116 0.000001
104 100 0.000000
124 122 0.000000
96 92 0.000000
107 105 0.000000
114 111 0.000000
122 118 0.000001
117 116 0.000000
114 110 0.000000
88 87 0.000000
94 89 0.000001
131 129 0.000000
126 124 0.000000
127 125 0.000000
84 81 0.000000
102 99 0.000000
99 98 0.000000
132 129 0.000000
129 127 0.000001
138 135 0.000001
124 120 0.000001
108 107 0.000001
116 113 0.000001
100 96 0.000001
112 106 0.000001
113 112 0.000001
107 106 0.000001
109 108 0.000001
88 85 0.000001
142 140 0.000001
103 99 0.000000
109 106 0.000001
125 121 0.000001
106 104 0.000000
125 121 0.000001
121 121 0.000000
116 116 0.000000
114 113 0.000000
143 141 0.000000
92 87 0.000000
102 99 0.000000
137 135 0.000000
138 135 0.000000
127 125 0.000000
104 103 0.000000
101 98 0.000000
141 141 0.000000
131 128 0.000000
108 106 0.000000
102 97 0.000000
114 113 0.000000
126 124 0.000000
137 135 0.000000
89 86 0.000000
131 129 0.000001
95 91 0.000000
108 104 0.000000
110 107 0.000000
104 99 0.000000
139 138 0.000001
146 144 0.000000
144 144 0.000001
125 122 0.000001
156 154 0.000001
127 123 0.000001
94 90 0.000001
119 116 0.000000
102 102 0.000001
111 108 0.000001

465 461 0.000001
443 438 0.000002
408 404 0.000001
450 449 0.000002
440 439 0.000002
398 392 0.000002
496 490 0.000002
397 393 0.000001
406 403 0.000002
478 475 0.000002
435 430 0.000002
424 420 0.000002
449 446 0.000001
375 370 0.000002
423 419 0.000002
449 448 0.000001
360 357 0.000002
435 433 0.000002
425 419 0.000001
386 383 0.000001
462 461 0.000002
379 377 0.000002
439 437 0.000002
436 429 0.000001
470 467 0.000002
401 401 0.000002
387 382 0.000001
419 414 0.000002
415 410 0.000002
407 403 0.000002
493 490 0.000002
407 405 0.000002
410 408 0.000002
371 364 0.000002
489 485 0.000002
401 399 0.000002
331 323 0.000002
447 440 0.000001
404 398 0.000002
391 387 0.000002
423 418 0.000001
469 467 0.000002
461 458 0.000002
451 448 0.000002
503 500 0.000002
401 397 0.000001
418 415 0.000002
472 470 0.000002
324 319 0.000001
494 489 0.000002
407 405 0.000001
383 380 0.000002
465 464 0.000002
412 409 0.000001
501 498 0.000002
424 422 0.000002
444 440 0.000002
395 390 0.000001
409 405 0.000002
467 466 0.000002
491 489 0.000002
376 375 0.000002
360 354 0.000002
394 391 0.000001
425 423 0.000002
478 476 0.000002
472 469 0.000002
471 469 0.000002
531 528 0.000002
383 381 0.000002
420 419 0.000001
436 432 0.000002
447 439 0.000002
361 357 0.000001
442 440 0.000002
358 353 0.000002
402 399 0.000001
420 418 0.000002
492 489 0.000002
476 471 0.000002
414 411 0.000002
493 488 0.000002
303 297 0.000001
469 469 0.000002
379 374 0.000001
372 368 0.000001
419 413 0.000002
412 410 0.000002
446 445 0.000001
400 398 0.000002
477 476 0.000002
377 373 0.000001
462 458 0.000002
425 422 0.000001
387 383 0.000002
394 393 0.000002
411 407 0.000001
420 415 0.000002
364 360 0.000002
412 409 0.000002

1738 1732 0.000005
1711 1706 0.000006
1584 1580 0.000005
1661 1658 0.000005
1650 1644 0.000005
1800 1798 0.000006
1716 1713 0.000005
1705 1701 0.000006
1825 1821 0.000006
1846 1843 0.000005
1549 1541 0.000019
1595 1590 0.000005
1324 1324 0.000004
1636 1633 0.000005
1695 1691 0.000005
1559 1555 0.000005
1760 1755 0.000006
1774 1771 0.000005
1427 1422 0.000005
1613 1608 0.000021
1524 1517 0.000005
1709 1705 0.000005
1636 1633 0.000005
1675 1669 0.000005
1731 1723 0.000006
1708 1706 0.000005
1642 1637 0.000005
1578 1573 0.000005
1678 1677 0.000005
1605 1598 0.000005
1603 1596 0.000005
1657 1654 0.000005
1737 1730 0.000005
1563 1560 0.000005
1597 1590 0.000006
1779 1776 0.000006
1514 1505 0.000005
1753 1750 0.000005
1604 1602 0.000005
1710 1708 0.000006
1527 1523 0.000005
1567 1565 0.000005
1763 1760 0.000006
1631 1628 0.000005
1740 1739 0.000006
1481 1479 0.000005
1674 1673 0.000005
1622 1621 0.000005
1534 1526 0.000004
1663 1658 0.000005
1684 1678 0.000005
1660 1658 0.000005
1604 1600 0.000006
1609 1601 0.000006
1601 1596 0.000005
1701 1695 0.000006
1793 1788 0.000005
1534 1530 0.000004
1556 1550 0.000005
1616 1611 0.000005
1725 1718 0.000005
1659 1657 0.000005
1794 1786 0.000006
1436 1432 0.000005
1618 1617 0.000005
1721 1713 0.000005
1476 1475 0.000004
1602 1598 0.000005
1683 1677 0.000005
1857 1851 0.000006
1625 1620 0.000011
1774 1772 0.000006
1692 1688 0.000005
1769 1764 0.000005
1572 1568 0.000005
1776 1770 0.000006
1769 1768 0.000005
1637 1634 0.000005
1735 1732 0.000005
1733 1731 0.000006
1598 1594 0.000005
1611 1607 0.000005
1636 1633 0.000006
1757 1754 0.000005
1713 1708 0.000005
1645 1638 0.000005
1878 1876 0.000005
1702 1701 0.000005
1670 1668 0.000006
1756 1753 0.000005
1498 1492 0.000005
1599 1595 0.000005
1583 1581 0.000005
1706 1703 0.000005
1596 1592 0.000005
1663 1660 0.000005
1728 1727 0.000005
1649 1645 0.000005
1644 1640 0.000005
1742 1739 0.000006

5870 5863 0.000017
6640 6638 0.000018
6905 6901 0.000019
6489 6484 0.000018
6621 6618 0.000019
5804 5800 0.000016
6586 6583 0.000019
6528 6519 0.000019
6385 6379 0.000018
6150 6146 0.000017
7027 7024 0.000020
6640 6636 0.000019
6010 6007 0.000017
6815 6811 0.000020
5912 5907 0.000018
7254 7248 0.000034
6303 6297 0.000018
6834 6832 0.000019
6581 6572 0.000019
6430 6425 0.000018
6614 6608 0.000020
6319 6312 0.000018
6736 6733 0.000019
6332 6325 0.000018
6534 6531 0.000019
6322 6317 0.000018
6729 6724 0.000020
6086 6080 0.000019
6514 6510 0.000018
6851 6848 0.000019
6835 6830 0.000019
6867 6863 0.000019
6541 6536 0.000019
6136 6132 0.000018
7059 7051 0.000020
6412 6408 0.000019
6815 6812 0.000025
6479 6474 0.000018
6495 6490 0.000018
6907 6905 0.000019
6831 6825 0.000019
6526 6521 0.000018
6803 6800 0.000020
6615 6610 0.000019
7060 7054 0.000020
6579 6571 0.000020
6411 6408 0.000019
6705 6702 0.000020
6403 6399 0.000020
6609 6605 0.000019
6952 6948 0.000021
6282 6276 0.000018
5533 5525 0.000015
6646 6642 0.000019
6541 6536 0.000019
6186 6184 0.000018
6819 6816 0.000020
6127 6121 0.000017
6162 6159 0.000017
6695 6692 0.000018
6391 6385 0.000018
6022 6015 0.000017
6218 6210 0.000018
6781 6775 0.000019
6729 6724 0.000018
7022 7020 0.000020
6291 6286 0.000018
6576 6573 0.000018
6350 6347 0.000018
6561 6554 0.000019
6671 6666 0.000020
6206 6202 0.000019
6657 6655 0.000019
6333 6328 0.000018
6401 6398 0.000018
6660 6655 0.000019
6303 6301 0.000018
5888 5881 0.000017
7189 7184 0.000020
7325 7323 0.000202
6192 6189 0.000019
7006 7002 0.000020
6434 6429 0.000018
6503 6497 0.000018
6438 6431 0.000018
6328 6324 0.000018
6890 6885 0.000019
6485 6483 0.000018
6501 6498 0.000018
6456 6449 0.000019
6252 6243 0.000018
6306 6299 0.000018
6504 6503 0.000018
6650 6644 0.000019
7222 7215 0.000020
6531 6526 0.000018
6458 6454 0.000018
6660 6658 0.000019
6514 6511 0.000018
6477 6471 0.000018

25850 25844 0.000071
26615 26606 0.000071
25951 25945 0.000071
25984 25978 0.000070
25139 25137 0.000069
25329 25325 0.000066
25948 25942 0.000070
26931 26923 0.000078
25728 25719 0.000072
25518 25514 0.000080
27031 27024 0.000071
25502 25494 0.000071
25130 25123 0.000069
24879 24871 0.000069
25299 25290 0.000070
28051 28045 0.000079
24029 24027 0.000066
24769 24762 0.000085
26009 26005 0.000070
24786 24779 0.000067
23728 23723 0.000064
24612 24605 0.000072
25660 25656 0.000069
24961 24956 0.000067
25600 25593 0.000069
26107 26103 0.000071
26621 26618 0.000072
24920 24916 0.000068
26248 26244 0.000071
25839 25831 0.000069
28115 28109 0.000076
24702 24699 0.000067
25928 25923 0.000070
27477 27473 0.000074
25548 25537 0.000073
26427 26422 0.000071
28150 28144 0.000076
27854 27846 0.000075
25596 25590 0.000069
23957 23951 0.000065
25481 25476 0.000069
26497 26490 0.000072
25247 25242 0.000068
23934 23929 0.000066
26603 26595 0.000071
24932 24928 0.000068
24824 24814 0.000067
25564 25559 0.000069
27446 27440 0.000078
25514 25513 0.000065
25679 25673 0.000066
26441 26435 0.000067
24767 24767 0.000064
24828 24822 0.000064
26414 26406 0.000067
26612 26604 0.000068
24822 24816 0.000063
24999 24996 0.000065
26800 26795 0.000069
26555 26550 0.000068
25147 25141 0.000079
24304 24297 0.000063
25904 25899 0.000072
26070 26065 0.000067
26253 26248 0.000067
26427 26423 0.000068
24594 24589 0.000064
25078 25074 0.000065
25283 25278 0.000065
27575 27570 0.000070
25120 25114 0.000065
27080 27078 0.000069
26713 26711 0.000068
25963 25956 0.000067
27235 27230 0.000069
25400 25390 0.000066
24999 24994 0.000069
26413 26407 0.000068
26293 26291 0.000067
25531 25528 0.000065
25506 25502 0.000066
25770 25763 0.000071
26437 26434 0.000067
27347 27345 0.000070
26713 26706 0.000068
25991 25987 0.000067
26219 26214 0.000067
25850 25842 0.000066
27390 27388 0.000069
26890 26882 0.000075
26233 26227 0.000067
26518 26514 0.000068
26151 26146 0.000067
25166 25164 0.000065
25865 25859 0.000066
27033 27030 0.000069
24234 24229 0.000063
24914 24911 0.000067
26929 26923 0.000074
26276 26268 0.000071

100644 100636 0.000279
104275 104263 0.000275
103282 103276 0.000271
105542 105534 0.000306
103600 103590 0.000277
102353 102349 0.000270
97747 97741 0.000257
95596 95593 0.000253
102787 102781 0.000276
104011 104004 0.000275
100984 100974 0.000269
107714 107707 0.000284
102630 102621 0.000275
102667 102662 0.000271
103718 103710 0.000274
109852 109847 0.000293
104710 104700 0.000276
101613 101607 0.000283
102324 102318 0.000293
102729 102723 0.000275
98498 98494 0.000260
99015 99006 0.000261
104121 104116 0.000274
106269 106262 0.000285
106463 106459 0.000280
106791 106782 0.000283
101904 101898 0.000274
101878 101872 0.000273
101571 101561 0.000281
103443 103440 0.000289
100059 100054 0.000267
106250 106245 0.000288
105644 105643 0.000278
103469 103463 0.000279
102942 102939 0.000279
106142 106137 0.000279
105717 105708 0.000278
98128 98123 0.000269
104376 104372 0.000276
102149 102143 0.000270
97329 97324 0.000241
99684 99677 0.000268
106814 106809 0.000280
104655 104650 0.000276
107221 107213 0.000282
103157 103152 0.000291
101561 101557 0.000267
103670 103665 0.000273
103447 103438 0.000277
101031 101025 0.000267
104276 104272 0.000275
102029 102020 0.000270
106390 106377 0.000284
102280 102277 0.000269
104716 104711 0.000275
101327 101319 0.000270
101282 101273 0.000271
104379 104373 0.000273
102354 102347 0.000268
102957 102945 0.000281
107564 107556 0.000268
100106 100102 0.000252
102129 102121 0.000255
100413 100409 0.000255
103678 103673 0.000259
104543 104541 0.000261
101080 101075 0.000259
99198 99194 0.000261
101210 101207 0.000266
98247 98244 0.000258
103864 103859 0.000276
101731 101724 0.000271
100235 100233 0.000263
104764 104758 0.000289
105641 105634 0.000279
104737 104730 0.000275
99481 99472 0.000261
102748 102745 0.000271
99463 99454 0.000266
104940 104932 0.000275
103147 103142 0.000275
100008 100005 0.000264
100320 100313 0.000270
103088 103081 0.000271
104023 104017 0.000274
104620 104611 0.000276
107236 107227 0.000284
103213 103208 0.000284
102513 102508 0.000269
104736 104728 0.000280
100800 100793 0.000264
100089 100086 0.000267
105213 105206 0.000277
105852 105847 0.000284
100159 100156 0.000264
103239 103232 0.000272
102204 102197 0.000269
105244 105238 0.000282
100465 100460 0.000264
106544 106540 0.000278

418550 418545 0.001121
414512 414507 0.001094
415018 415013 0.001091
394056 394050 0.001047
410668 410665 0.001078
418272 418263 0.001081
400718 400713 0.000989
400484 400475 0.001002
393229 393219 0.000974
425195 425182 0.001114
396934 396927 0.001045
421415 421406 0.001117
408301 408294 0.001072
418275 418267 0.001101
416741 416735 0.001104
406759 406754 0.001075
408034 408030 0.001072
413088 413076 0.001084
406413 406407 0.001077
406956 406953 0.001072
404451 404447 0.001066
407295 407291 0.001066
406032 406022 0.001082
407726 407717 0.001072
415129 415122 0.001094
405549 405542 0.001078
415760 415757 0.001112
411507 411502 0.000986
404531 404526 0.000905
412474 412469 0.000955
399923 399917 0.000885
406147 406140 0.000958
399165 399160 0.000878
409361 409351 0.000911
405509 405504 0.000907
418901 418892 0.000943
400740 400733 0.000874
414638 414633 0.000908
404333 404323 0.000907
424155 424149 0.001030
414106 414101 0.000901
414818 414810 0.000865
417741 417734 0.000901
407528 407521 0.000848
406830 406822 0.000846
399128 399119 0.000839
410470 410460 0.000871
422553 422551 0.000890
415216 415205 0.000889
403673 403664 0.000860
415568 415556 0.000878
404158 404155 0.000857
414320 414317 0.000874
398886 398878 0.000864
405587 405581 0.000865
414436 414432 0.000889
415614 415605 0.000910
425780 425774 0.000962
415662 415654 0.000862
413558 413552 0.000871
419668 419662 0.000891
410245 410242 0.000867
409592 409585 0.000856
418776 418768 0.000880
410766 410761 0.000887
419587 419579 0.000893
394820 394815 0.000836
412494 412489 0.000912
422780 422771 0.000948
410825 410820 0.000916
408670 408664 0.000901
410717 410711 0.000894
406851 406843 0.000892
407052 407045 0.000905
414213 414210 0.000901
406882 406871 0.000857
421165 421156 0.000883
412460 412456 0.000904
403939 403931 0.000843
418884 418874 0.000871
409231 409219 0.000850
409317 409311 0.000854
430090 430082 0.001029
408330 408318 0.000887
409360 409353 0.000851
408509 408502 0.000846
417504 417500 0.000878
395580 395576 0.000823
405226 405220 0.000846
412256 412248 0.000858
413733 413723 0.001048
406791 406786 0.000847
408772 408767 0.000847
404692 404681 0.000882
416921 416914 0.000920
401331 401323 0.000889
413411 413399 0.000922
418734 418727 0.000926
409500 409489 0.000901
410883 410877 0.000933

1654782 1654777 0.003461
1642568 1642558 0.003453
1646945 1646937 0.003464
1622368 1622361 0.003408
1677320 1677312 0.003525
1636667 1636662 0.003606
1612175 1612172 0.003567
1686287 1686277 0.003548
1644714 1644705 0.003527
1622472 1622468 0.003425
1597966 1597958 0.003348
1664480 1664474 0.003501
1657008 1656999 0.003470
1596994 1596985 0.003333
1676231 1676218 0.003509
1595015 1595011 0.004108
1654516 1654509 0.003930
1651208 1651198 0.003494
1639721 1639712 0.003460
1632099 1632091 0.003462
1631335 1631323 0.003460
1679725 1679718 0.003654
1589491 1589484 0.003346
1631574 1631564 0.003425
1631030 1631022 0.003396
1669092 1669083 0.003497
1691827 1691821 0.003586
1663929 1663926 0.004552
1655940 1655934 0.003472
1637487 1637476 0.003424
1647538 1647534 0.003439
1625771 1625762 0.003428
1647489 1647485 0.003613
1652653 1652644 0.003483
1656848 1656842 0.003474
1660216 1660208 0.003518
1615637 1615630 0.003449
1621937 1621928 0.003464
1666981 1666973 0.003573
1657751 1657747 0.003516
1661862 1661853 0.003594
1659560 1659553 0.003557
1617126 1617118 0.003455
1641525 1641519 0.003553
1633401 1633397 0.003547
1647426 1647419 0.003582
1635764 1635757 0.003459
1643698 1643693 0.003586
1623680 1623675 0.003643
1605815 1605813 0.003472
1653344 1653334 0.003687
1635376 1635371 0.003481
1587664 1587652 0.003356
1653616 1653613 0.003487
1660221 1660215 0.003743
1628255 1628251 0.003441
1616166 1616162 0.003439
1604819 1604813 0.003449
1634328 1634317 0.003459
1616836 1616829 0.003477
1651996 1651985 0.003502
1625189 1625184 0.003466
1646651 1646645 0.003547
1616541 1616534 0.003453
1655108 1655098 0.003548
1652690 1652681 0.003526
1625172 1625164 0.003388
1637068 1637060 0.004204
1668777 1668768 0.003555
1645483 1645477 0.003417
1622634 1622624 0.003403
1652791 1652787 0.003466
1601158 1601151 0.003374
1656847 1656843 0.003560
1683317 1683307 0.003554
1641813 1641810 0.003478
1641607 1641600 0.003667
1683559 1683553 0.004298
1675697 1675690 0.003606
1625259 1625250 0.003543
1611268 1611265 0.003468
1679789 1679783 0.004570
1651016 1651007 0.003447
1638238 1638234 0.003573
1628909 1628901 0.003457
1655599 1655590 0.003832
1609235 1609226 0.003547
1635716 1635708 0.003419
1661713 1661707 0.004020
1627569 1627562 0.003479
1605144 1605135 0.004354
1637430 1637424 0.003481
1604603 1604596 0.003384
1626492 1626489 0.003433
1678338 1678330 0.004184
1656820 1656811 0.003467
1609846 1609839 0.003411
1615781 1615771 0.003403
1631693 1631683 0.003405
1642487 1642479 0.003443

6460716 6460706 0.013704
6628614 6628607 0.014051
6509818 6509808 0.014712
6497165 6497156 0.014500
6579735 6579727 0.013749
6674266 6674255 0.013993
6533626 6533618 0.013737
6571501 6571496 0.013882
6446969 6446963 0.013507
6608178 6608170 0.014005
6524148 6524141 0.013672
6452568 6452559 0.013742
6505476 6505469 0.015317
6530018 6530008 0.015637
6444003 6443995 0.014391
6554701 6554696 0.013755
6565158 6565154 0.013808
6544513 6544507 0.013862
6542826 6542817 0.013703
6550497 6550492 0.013745
6558086 6558073 0.013702
6523775 6523765 0.013767
6516081 6516073 0.013659
6509708 6509699 0.013721
6508115 6508104 0.013674
6580659 6580652 0.013851
6633760 6633751 0.014302
6441201 6441192 0.013573
6576351 6576340 0.013850
6429769 6429758 0.013565
6601027 6601021 0.013982
6547588 6547580 0.013820
6557500 6557493 0.013854
6641621 6641617 0.013991
6544699 6544693 0.013815
6610153 6610145 0.014210
6607656 6607644 0.013919
6637742 6637732 0.014377
6590074 6590065 0.013774
6472312 6472305 0.013586
6620530 6620522 0.013912
6544589 6544581 0.013744
6522799 6522784 0.013778
6613571 6613564 0.014012
6642806 6642799 0.014223
6513773 6513767 0.013785
6555839 6555834 0.013980
6509749 6509742 0.013835
6435955 6435948 0.013677
6526979 6526965 0.013892
6575101 6575086 0.014023
6519431 6519426 0.013954
6547225 6547220 0.013844
6598026 6598017 0.014248
6628847 6628838 0.014113
6551348 6551343 0.013827
6502971 6502966 0.013696
6582676 6582670 0.013908
6613647 6613641 0.013936
6486829 6486823 0.013636
6554551 6554538 0.013891
6515345 6515340 0.013763
6600708 6600704 0.014149
6605319 6605315 0.014035
6552051 6552037 0.013935
6488297 6488289 0.013808
6579217 6579207 0.013837
6585180 6585172 0.013960
6582673 6582663 0.013969
6558976 6558966 0.014385
6590803 6590796 0.014219
6501575 6501568 0.014310
6543362 6543351 0.014201
6554925 6554916 0.014231
6537084 6537074 0.013803
6499042 6499032 0.013834
6629276 6629267 0.014157
6623081 6623074 0.014065
6548222 6548214 0.014431
6603205 6603198 0.014718
6574792 6574782 0.015679
6473060 6473048 0.015999
6630891 6630887 0.016345
6469141 6469136 0.016002
6560385 6560374 0.016174
6653895 6653884 0.016425
6533830 6533822 0.016157
6588913 6588905 0.016438
6556350 6556338 0.016221
6679177 6679169 0.016362
6767423 6767414 0.014747
6454254 6454246 0.014215
6553755 6553747 0.014150
6542671 6542664 0.014143
6568419 6568410 0.013955
6460629 6460622 0.014021
6552855 6552850 0.013980
6562823 6562813 0.014890
6529730 6529724 0.013914
6667225 6667216 0.014152

26167658 26167647 0.055396
26073966 26073957 0.056282
26489042 26489037 0.056714
26166118 26166109 0.056819
26439097 26439088 0.056909
26186588 26186579 0.056323
26046004 26045990 0.055292
26090297 26090291 0.055714
26134335 26134325 0.056103
26399360 26399350 0.057643
25939394 25939383 0.060996
26368422 26368413 0.057245
26024419 26024411 0.055543
26302844 26302838 0.057643
26197215 26197204 0.056865
26446887 26446876 0.057925
26374025 26374021 0.060459
26262925 26262919 0.058181
25708008 25708001 0.061333
26275720 26275710 0.061399
26255487 26255478 0.059198
26417339 26417332 0.056467
26097519 26097513 0.056587
26506522 26506515 0.057340
26201101 26201093 0.056290
26171401 26171394 0.056540
26070802 26070796 0.057192
26598189 26598178 0.057051
25969168 25969162 0.055266
26256423 26256411 0.055788
26347987 26347981 0.055905
26305184 26305174 0.055550
26328942 26328937 0.055835
26261966 26261956 0.055969
26378054 26378042 0.058253
26335247 26335238 0.055687
25853111 25853102 0.055413
26103567 26103558 0.058026
26091536 26091533 0.056537
26124660 26124651 0.057290
26350053 26350043 0.057173
26163355 26163346 0.060261
26342612 26342605 0.060075
26184826 26184818 0.059820
26171434 26171427 0.071215
26189192 26189183 0.069499
25972998 25972992 0.067884
26169538 26169532 0.067523
26359971 26359967 0.068604
26185287 26185280 0.068131
26259093 26259086 0.068357
26201692 26201688 0.068389
26059805 26059801 0.060209
25909952 25909941 0.055067
26666511 26666498 0.057013
26301018 26301012 0.056489
25759930 25759922 0.054385
26586201 26586198 0.057516
26284181 26284173 0.055608
26201677 26201663 0.069926
26352600 26352595 0.059387
26200266 26200252 0.055835
26245872 26245864 0.057144
26098295 26098286 0.055334
25954819 25954816 0.054687
25993434 25993426 0.054907
26364094 26364086 0.056194
25974312 25974302 0.054704
26269357 26269350 0.055195
26130311 26130305 0.055561
26023448 26023446 0.054868
25945918 25945913 0.054702
26406501 26406499 0.058002
26214083 26214074 0.054877
26068078 26068069 0.054864
26278160 26278147 0.056671
26167293 26167284 0.055507
26523004 26522989 0.055702
26511584 26511573 0.055666
26169058 26169045 0.055018
26271589 26271576 0.055615
26127799 26127790 0.055141
26208252 26208242 0.054905
25962876 25962870 0.054713
26292594 26292587 0.055461
26498999 26498986 0.056025
25973527 25973517 0.055048
26013427 26013420 0.054859
26135366 26135355 0.057516
26113330 26113321 0.056086
26310403 26310395 0.058892
25875044 25875032 0.056213
26086212 26086208 0.058213
26264948 26264943 0.056123
26358753 26358747 0.062155
26106373 26106367 0.059672
26236492 26236480 0.056212
26206249 26206241 0.055280
26091215 26091206 0.061744
26346556 26346551 0.062649

105188164 105188158 0.221029
105028888 105028879 0.220123
104579936 104579930 0.221479
104867354 104867346 0.220756
105110259 105110245 0.220345
104625134 104625127 0.218688
103763386 103763373 0.217385
105084025 105084018 0.219831
104716461 104716449 0.220896
104403997 104403991 0.219334
104925593 104925581 0.220599
104269356 104269347 0.219846
104349820 104349813 0.220189
105275862 105275856 0.221137
103896834 103896827 0.218323
104976032 104976021 0.221441
105472287 105472282 0.222028
104595798 104595787 0.221259
104574687 104574672 0.220513
105141546 105141537 0.221704
105087840 105087827 0.222189
104396133 104396126 0.220221
104126095 104126082 0.219338
103814986 103814973 0.218755
104599442 104599432 0.220749
104330448 104330442 0.220888
105657717 105657709 0.223151
105393867 105393858 0.222813
103991051 103991043 0.219437
103899685 103899676 0.219359
104741519 104741512 0.220432
104394627 104394612 0.219831
104545730 104545720 0.220637
104175666 104175656 0.220543
105198637 105198624 0.222252
104279412 104279400 0.220135
105081749 105081742 0.222098
104522442 104522427 0.220664
104575775 104575763 0.220343
105038395 105038384 0.221344
105578022 105578015 0.222601
104087098 104087090 0.219145
104419678 104419667 0.229375
105082771 105082757 0.221802
105078379 105078372 0.221806
104619017 104619004 0.220789
104901031 104901023 0.222327
104856067 104856060 0.222819
104592818 104592804 0.220682
104614449 104614439 0.220633
105535591 105535579 0.230341
104576526 104576516 0.225067
105675736 105675728 0.229680
104611574 104611564 0.229532
104573645 104573636 0.237663
104933542 104933531 0.224990
104906504 104906496 0.223719
104978816 104978806 0.223872
105039209 105039199 0.221729
104250002 104249995 0.220066
104813314 104813305 0.224131
104475802 104475791 0.228484
105483212 105483199 0.228237
104887286 104887273 0.222998
104678867 104678859 0.225743
105428135 105428125 0.224446
105087414 105087406 0.222139
105021749 105021738 0.222845
105325538 105325531 0.231079
104970013 104970007 0.222434
104647572 104647566 0.221813
104430192 104430184 0.220421
105251670 105251659 0.223648
104708719 104708711 0.223433
105300164 105300155 0.224779
104914818 104914807 0.222800
105335843 105335833 0.223752
105246584 105246571 0.224238
104653877 104653870 0.223001
104983145 104983136 0.222111
104328556 104328546 0.219554
104932875 104932857 0.221001
104857584 104857572 0.250796
104981435 104981421 0.220264
104531251 104531242 0.221951
104749914 104749904 0.221026
105897722 105897708 0.222613
104609252 104609242 0.219798
104953011 104953004 0.228334
104569687 104569674 0.221116
104742656 104742639 0.221955
104790933 104790924 0.223732
104788106 104788098 0.223872
104399217 104399208 0.219884
105177495 105177490 0.222523
104781925 104781913 0.220784
105152451 105152447 0.235527
105613511 105613503 0.227273
105743584 105743572 0.222993
104686986 104686978 0.221207

419755145 419755137 0.895174
420244093 420244087 0.886196
420865920 420865910 0.889090
419184116 419184104 0.894084
421823616 421823603 0.890155
421102387 421102380 0.890412
416314524 416314511 0.886318
417372652 417372641 0.900326
418003489 418003483 0.881734
418986678 418986669 0.887817
419461738 419461720 0.901463
422370699 422370684 0.895162
417270439 417270433 0.878205
419325651 419325636 0.886702
420291930 420291919 0.885985
420113639 420113626 0.910728
419786697 419786686 0.920411
419477122 419477114 0.893024
419214529 419214523 0.922773
420399862 420399852 0.970245
418902902 418902889 0.906275
417288920 417288910 0.963890
417281894 417281884 0.898266
418639152 418639138 0.974353
420268574 420268566 0.960582
418997061 418997051 0.931266
420704197 420704187 0.898361
420970770 420970760 0.894551
417934891 417934877 0.903549
421546307 421546288 0.901348
420991449 420991440 0.892576
417006015 417006007 0.886885
421996905 421996894 0.890690
420842188 420842181 0.886290
419271860 419271855 0.882571
420039854 420039841 0.887816
418920432 418920424 0.887598
419457357 419457347 0.884698
420193793 420193785 0.883927
418671279 418671270 0.879010
419598158 419598150 0.883774
421032241 421032234 0.926538
420720888 420720875 0.938326
418851625 418851613 0.887441
421113028 421113022 0.885818
417788848 417788840 0.880734
419574100 419574089 0.883226
420714561 420714554 0.894742
418572949 418572934 0.888140
419336898 419336891 0.885330
418350990 418350977 0.881379
416319765 416319755 0.874839
419265492 419265484 0.882247
419325223 419325207 0.888366
419160697 419160691 0.883137
418339221 418339213 0.879596
417929109 417929095 0.886958
418770145 418770131 0.882934
419981103 419981090 0.887776
419796124 419796113 0.891085
420915323 420915316 0.908680
420961352 420961342 0.900948
417595917 417595908 0.926619
421028018 421028007 0.979176
416829682 416829675 0.884844
420305770 420305761 0.886298
419342403 419342395 0.888667
416453904 416453892 0.906098
418352302 418352292 0.889982
418248667 418248654 0.971722
417419060 417419050 0.907522
416516478 416516469 0.889768
418484684 418484674 0.899774
418870352 418870340 0.888808
418716126 418716117 0.895628
419237321 419237308 0.886656
420352751 420352738 0.884839
420442470 420442462 0.890202
419030759 419030752 0.886499
422485614 422485604 0.928172
416627784 416627776 0.884439
419927109 419927102 0.911573
421277230 421277219 0.891669
415586832 415586821 0.881406
418989222 418989211 0.919592
419961221 419961211 0.891843
420518252 420518243 0.895531
417748207 417748196 0.883926
418168341 418168333 0.882866
419187108 419187096 0.892287
418820289 418820276 0.896952
418833399 418833394 0.892149
419090586 419090575 0.897807
416581990 416581981 0.886887
419163593 419163581 0.894847
420751154 420751143 0.889938
422342388 422342383 0.894922
420010783 420010775 0.913710
418431922 418431911 0.884261
419045160 419045143 0.884668