96 88 0.000001
96 88 0.000001
96 88 0.000000
96 88 0.000001
96 88 0.000000
96 88 0.000001
96 88 0.000001
96 88 0.000000
96 88 0.000000
96 88 0.000001
96 88 0.000001
96 88 0.000000
96 88 0.000000
96 88 0.000001
96 88 0.000001
96 88 0.000000
96 88 0.000000
96 88 0.000001
96 88 0.000001
96 88 0.000000
96 88 0.000000
96 88 0.000001
96 88 0.000001
96 88 0.000000
96 88 0.000000
96 88 0.000001
96 88 0.000001
96 88 0.000000
96 88 0.000000
96 88 0.000001
96 88 0.000001
96 88 0.000000
96 88 0.000000
96 88 0.000000
96 88 0.000001
96 88 0.000001
96 88 0.000000
96 88 0.000000
96 88 0.000001
96 88 0.000001
96 88 0.000000
96 88 0.000000
96 88 0.000001
96 88 0.000001
96 88 0.000000
96 88 0.000000
96 88 0.000001
96 88 0.000001
96 88 0.000000
96 88 0.000000
96 88 0.000001
96 88 0.000001
96 88 0.000000
96 88 0.000000
96 88 0.000001
96 88 0.000001
96 88 0.000000
96 88 0.000000
96 88 0.000001
96 88 0.000001
96 88 0.000000
96 88 0.000000
96 88 0.000001
96 88 0.000001
96 88 0.000000
96 88 0.000000
96 88 0.000001
96 88 0.000001
96 88 0.000000
96 88 0.000000
96 88 0.000001
96 88 0.000001
96 88 0.000000
96 88 0.000000
96 88 0.000000
96 88 0.000001
96 88 0.000001
96 88 0.000000
96 88 0.000000
96 88 0.000001
96 88 0.000001
96 88 0.000000
96 88 0.000000
96 88 0.000001
96 88 0.000001
96 88 0.000000
96 88 0.000000
96 88 0.000001
96 88 0.000001
96 88 0.000000
96 88 0.000000
96 88 0.000001
96 88 0.000001
96 88 0.000000
96 88 0.000000
96 88 0.000001
96 88 0.000001
96 88 0.000000
96 88 0.000000
96 88 0.000001

232 216 0.000001
232 216 0.000001
232 216 0.000001
232 216 0.000001
232 216 0.000001
232 216 0.000001
232 216 0.000001
232 216 0.000001
232 216 0.000001
232 216 0.000001
232 216 0.000001
232 216 0.000001
232 216 0.000001
232 216 0.000001
232 216 0.000001
232 216 0.000001
232 216 0.000001
232 216 0.000001
232 216 0.000001
232 216 0.000001
232 216 0.000001
232 216 0.000001
232 216 0.000001
232 216 0.000001
232 216 0.000001
232 216 0.000001
232 216 0.000001
232 216 0.000001
232 216 0.000001
232 216 0.000001
232 216 0.000001
232 216 0.000001
232 216 0.000001
232 216 0.000001
232 216 0.000001
232 216 0.000001
232 216 0.000001
232 216 0.000001
232 216 0.000001
232 216 0.000001
232 216 0.000001
232 216 0.000001
232 216 0.000001
232 216 0.000001
232 216 0.000001
232 216 0.000001
232 216 0.000001
232 216 0.000001
232 216 0.000001
232 216 0.000001
232 216 0.000001
232 216 0.000001
232 216 0.000001
232 216 0.000001
232 216 0.000001
232 216 0.000001
232 216 0.000001
232 216 0.000001
232 216 0.000001
232 216 0.000001
232 216 0.000001
232 216 0.000001
232 216 0.000001
232 216 0.000001
232 216 0.000001
232 216 0.000001
232 216 0.000070
232 216 0.000001
232 216 0.000001
232 216 0.000002
232 216 0.000002
232 216 0.000001
232 216 0.000001
232 216 0.000001
232 216 0.000001
232 216 0.000001
232 216 0.000001
232 216 0.000001
232 216 0.000001
232 216 0.000001
232 216 0.000001
232 216 0.000001
232 216 0.000001
232 216 0.000001
232 216 0.000001
232 216 0.000001
232 216 0.000001
232 216 0.000001
232 216 0.000000
232 216 0.000001
232 216 0.000001
232 216 0.000001
232 216 0.000001
232 216 0.000002
232 216 0.000001
232 216 0.000001
232 216 0.000001
232 216 0.000001
232 216 0.000001
232 216 0.000001

544 512 0.000002
544 512 0.000002
544 512 0.000002
544 512 0.000002
544 512 0.000002
544 512 0.000002
544 512 0.000002
544 512 0.000002
544 512 0.000002
544 512 0.000002
544 512 0.000002
544 512 0.000002
544 512 0.000002
544 512 0.000003
544 512 0.000002
544 512 0.000003
544 512 0.000003
544 512 0.000004
544 512 0.000003
544 512 0.000003
544 512 0.000003
544 512 0.000003
544 512 0.000003
544 512 0.000003
544 512 0.000003
544 512 0.000003
544 512 0.000004
544 512 0.000004
544 512 0.000003
544 512 0.000003
544 512 0.000003
544 512 0.000003
544 512 0.000004
544 512 0.000003
544 512 0.000003
544 512 0.000002
544 512 0.000003
544 512 0.000003
544 512 0.000003
544 512 0.000003
544 512 0.000003
544 512 0.000003
544 512 0.000003
544 512 0.000003
544 512 0.000003
544 512 0.000003
544 512 0.000004
544 512 0.000003
544 512 0.000003
544 512 0.000003
544 512 0.000003
544 512 0.000003
544 512 0.000004
544 512 0.000003
544 512 0.000002
544 512 0.000002
544 512 0.000002
544 512 0.000002
544 512 0.000002
544 512 0.000002
544 512 0.000002
544 512 0.000003
544 512 0.000002
544 512 0.000002
544 512 0.000002
544 512 0.000002
544 512 0.000002
544 512 0.000002
544 512 0.000002
544 512 0.000002
544 512 0.000002
544 512 0.000002
544 512 0.000003
544 512 0.000002
544 512 0.000002
544 512 0.000002
544 512 0.000002
544 512 0.000002
544 512 0.000002
544 512 0.000002
544 512 0.000003
544 512 0.000002
544 512 0.000002
544 512 0.000002
544 512 0.000002
544 512 0.000002
544 512 0.000002
544 512 0.000002
544 512 0.000003
544 512 0.000002
544 512 0.000002
544 512 0.000002
544 512 0.000002
544 512 0.000002
544 512 0.000002
544 512 0.000002
544 512 0.000002
544 512 0.000002
544 512 0.000002
544 512 0.000003

1248 1184 0.000005
1248 1184 0.000005
1248 1184 0.000004
1248 1184 0.000005
1248 1184 0.000005
1248 1184 0.000004
1248 1184 0.000005
1248 1184 0.000004
1248 1184 0.000005
1248 1184 0.000004
1248 1184 0.000004
1248 1184 0.000005
1248 1184 0.000004
1248 1184 0.000005
1248 1184 0.000004
1248 1184 0.000005
1248 1184 0.000004
1248 1184 0.000005
1248 1184 0.000004
1248 1184 0.000005
1248 1184 0.000005
1248 1184 0.000004
1248 1184 0.000005
1248 1184 0.000004
1248 1184 0.000005
1248 1184 0.000004
1248 1184 0.000005
1248 1184 0.000004
1248 1184 0.000005
1248 1184 0.000004
1248 1184 0.000004
1248 1184 0.000005
1248 1184 0.000004
1248 1184 0.000005
1248 1184 0.000004
1248 1184 0.000005
1248 1184 0.000004
1248 1184 0.000005
1248 1184 0.000004
1248 1184 0.000005
1248 1184 0.000004
1248 1184 0.000004
1248 1184 0.000005
1248 1184 0.000004
1248 1184 0.000005
1248 1184 0.000004
1248 1184 0.000005
1248 1184 0.000004
1248 1184 0.000005
1248 1184 0.000005
1248 1184 0.000004
1248 1184 0.000005
1248 1184 0.000004
1248 1184 0.000005
1248 1184 0.000004
1248 1184 0.000005
1248 1184 0.000004
1248 1184 0.000005
1248 1184 0.000004
1248 1184 0.000005
1248 1184 0.000005
1248 1184 0.000004
1248 1184 0.000005
1248 1184 0.000004
1248 1184 0.000005
1248 1184 0.000004
1248 1184 0.000005
1248 1184 0.000004
1248 1184 0.000005
1248 1184 0.000004
1248 1184 0.000004
1248 1184 0.000005
1248 1184 0.000004
1248 1184 0.000005
1248 1184 0.000004
1248 1184 0.000005
1248 1184 0.000004
1248 1184 0.000005
1248 1184 0.000004
1248 1184 0.000005
1248 1184 0.000005
1248 1184 0.000004
1248 1184 0.000016
1248 1184 0.000005
1248 1184 0.000004
1248 1184 0.000005
1248 1184 0.000004
1248 1184 0.000004
1248 1184 0.000005
1248 1184 0.000004
1248 1184 0.000005
1248 1184 0.000004
1248 1184 0.000005
1248 1184 0.000004
1248 1184 0.000005
1248 1184 0.000004
1248 1184 0.000005
1248 1184 0.000005
1248 1184 0.000004
1248 1184 0.000005

2816 2688 0.000010
2816 2688 0.000010
2816 2688 0.000010
2816 2688 0.000010
2816 2688 0.000010
2816 2688 0.000010
2816 2688 0.000010
2816 2688 0.000010
2816 2688 0.000010
2816 2688 0.000010
2816 2688 0.000010
2816 2688 0.000010
2816 2688 0.000010
2816 2688 0.000010
2816 2688 0.000010
2816 2688 0.000010
2816 2688 0.000010
2816 2688 0.000010
2816 2688 0.000010
2816 2688 0.000010
2816 2688 0.000010
2816 2688 0.000010
2816 2688 0.000010
2816 2688 0.000010
2816 2688 0.000010
2816 2688 0.000012
2816 2688 0.000015
2816 2688 0.000014
2816 2688 0.000015
2816 2688 0.000015
2816 2688 0.000010
2816 2688 0.000010
2816 2688 0.000010
2816 2688 0.000010
2816 2688 0.000010
2816 2688 0.000010
2816 2688 0.000010
2816 2688 0.000010
2816 2688 0.000010
2816 2688 0.000010
2816 2688 0.000011
2816 2688 0.000010
2816 2688 0.000010
2816 2688 0.000010
2816 2688 0.000010
2816 2688 0.000010
2816 2688 0.000010
2816 2688 0.000010
2816 2688 0.000010
2816 2688 0.000010
2816 2688 0.000010
2816 2688 0.000010
2816 2688 0.000010
2816 2688 0.000010
2816 2688 0.000010
2816 2688 0.000010
2816 2688 0.000010
2816 2688 0.000010
2816 2688 0.000010
2816 2688 0.000010
2816 2688 0.000010
2816 2688 0.000010
2816 2688 0.000010
2816 2688 0.000010
2816 2688 0.000010
2816 2688 0.000010
2816 2688 0.000015
2816 2688 0.000010
2816 2688 0.000010
2816 2688 0.000010
2816 2688 0.000010
2816 2688 0.000010
2816 2688 0.000010
2816 2688 0.000010
2816 2688 0.000010
2816 2688 0.000010
2816 2688 0.000010
2816 2688 0.000010
2816 2688 0.000010
2816 2688 0.000010
2816 2688 0.000010
2816 2688 0.000010
2816 2688 0.000010
2816 2688 0.000010
2816 2688 0.000010
2816 2688 0.000010
2816 2688 0.000010
2816 2688 0.000010
2816 2688 0.000010
2816 2688 0.000010
2816 2688 0.000010
2816 2688 0.000010
2816 2688 0.000010
2816 2688 0.000010
2816 2688 0.000010
2816 2688 0.000010
2816 2688 0.000010
2816 2688 0.000010
2816 2688 0.000010
2816 2688 0.000010

6272 6016 0.000022
6272 6016 0.000027
6272 6016 0.000022
6272 6016 0.000022
6272 6016 0.000023
6272 6016 0.000022
6272 6016 0.000022
6272 6016 0.000022
6272 6016 0.000022
6272 6016 0.000022
6272 6016 0.000022
6272 6016 0.000023
6272 6016 0.000030
6272 6016 0.000022
6272 6016 0.000022
6272 6016 0.000022
6272 6016 0.000023
6272 6016 0.000022
6272 6016 0.000022
6272 6016 0.000022
6272 6016 0.000022
6272 6016 0.000023
6272 6016 0.000022
6272 6016 0.000022
6272 6016 0.000023
6272 6016 0.000022
6272 6016 0.000022
6272 6016 0.000023
6272 6016 0.000022
6272 6016 0.000022
6272 6016 0.000022
6272 6016 0.000022
6272 6016 0.000022
6272 6016 0.000022
6272 6016 0.000022
6272 6016 0.000022
6272 6016 0.000022
6272 6016 0.000023
6272 6016 0.000022
6272 6016 0.000022
6272 6016 0.000023
6272 6016 0.000022
6272 6016 0.000022
6272 6016 0.000023
6272 6016 0.000022
6272 6016 0.000022
6272 6016 0.000023
6272 6016 0.000022
6272 6016 0.000022
6272 6016 0.000031
6272 6016 0.000022
6272 6016 0.000022
6272 6016 0.000022
6272 6016 0.000022
6272 6016 0.000023
6272 6016 0.000022
6272 6016 0.000022
6272 6016 0.000023
6272 6016 0.000022
6272 6016 0.000022
6272 6016 0.000022
6272 6016 0.000022
6272 6016 0.000022
6272 6016 0.000023
6272 6016 0.000022
6272 6016 0.000022
6272 6016 0.000022
6272 6016 0.000023
6272 6016 0.000022
6272 6016 0.000022
6272 6016 0.000023
6272 6016 0.000022
6272 6016 0.000022
6272 6016 0.000022
6272 6016 0.000022
6272 6016 0.000023
6272 6016 0.000022
6272 6016 0.000022
6272 6016 0.000034
6272 6016 0.000022
6272 6016 0.000031
6272 6016 0.000022
6272 6016 0.000022
6272 6016 0.000022
6272 6016 0.000022
6272 6016 0.000022
6272 6016 0.000022
6272 6016 0.000023
6272 6016 0.000025
6272 6016 0.000023
6272 6016 0.000022
6272 6016 0.000022
6272 6016 0.000022
6272 6016 0.000023
6272 6016 0.000022
6272 6016 0.000022
6272 6016 0.000022
6272 6016 0.000022
6272 6016 0.000022
6272 6016 0.000022

13824 13312 0.000051
13824 13312 0.000049
13824 13312 0.000049
13824 13312 0.000049
13824 13312 0.000049
13824 13312 0.000049
13824 13312 0.000049
13824 13312 0.000049
13824 13312 0.000066
13824 13312 0.000063
13824 13312 0.000072
13824 13312 0.000064
13824 13312 0.000064
13824 13312 0.000065
13824 13312 0.000065
13824 13312 0.000065
13824 13312 0.000063
13824 13312 0.000060
13824 13312 0.000061
13824 13312 0.000077
13824 13312 0.000061
13824 13312 0.000063
13824 13312 0.000064
13824 13312 0.000068
13824 13312 0.000061
13824 13312 0.000061
13824 13312 0.000061
13824 13312 0.000062
13824 13312 0.000060
13824 13312 0.000061
13824 13312 0.000060
13824 13312 0.000061
13824 13312 0.000060
13824 13312 0.000062
13824 13312 0.000061
13824 13312 0.000061
13824 13312 0.000066
13824 13312 0.000067
13824 13312 0.000071
13824 13312 0.000069
13824 13312 0.000068
13824 13312 0.000069
13824 13312 0.000088
13824 13312 0.000067
13824 13312 0.000068
13824 13312 0.000068
13824 13312 0.000184
13824 13312 0.000068
13824 13312 0.000068
13824 13312 0.000068
13824 13312 0.000067
13824 13312 0.000068
13824 13312 0.000068
13824 13312 0.000068
13824 13312 0.000069
13824 13312 0.000069
13824 13312 0.000069
13824 13312 0.000072
13824 13312 0.000075
13824 13312 0.000071
13824 13312 0.000091
13824 13312 0.000071
13824 13312 0.000069
13824 13312 0.000070
13824 13312 0.000075
13824 13312 0.000075
13824 13312 0.000076
13824 13312 0.000078
13824 13312 0.000075
13824 13312 0.000084
13824 13312 0.000077
13824 13312 0.000074
13824 13312 0.000070
13824 13312 0.000069
13824 13312 0.000068
13824 13312 0.000069
13824 13312 0.000069
13824 13312 0.000069
13824 13312 0.000070
13824 13312 0.000070
13824 13312 0.000080
13824 13312 0.000069
13824 13312 0.000069
13824 13312 0.000069
13824 13312 0.000069
13824 13312 0.000071
13824 13312 0.000068
13824 13312 0.000070
13824 13312 0.000069
13824 13312 0.000068
13824 13312 0.000068
13824 13312 0.000178
13824 13312 0.000068
13824 13312 0.000075
13824 13312 0.000069
13824 13312 0.000068
13824 13312 0.000071
13824 13312 0.000069
13824 13312 0.000077
13824 13312 0.000077

30208 29184 0.000166
30208 29184 0.000171
30208 29184 0.000154
30208 29184 0.000148
30208 29184 0.000151
30208 29184 0.000146
30208 29184 0.000150
30208 29184 0.000145
30208 29184 0.000150
30208 29184 0.000144
30208 29184 0.000148
30208 29184 0.000147
30208 29184 0.000186
30208 29184 0.000145
30208 29184 0.000148
30208 29184 0.000172
30208 29184 0.000148
30208 29184 0.000152
30208 29184 0.000155
30208 29184 0.000156
30208 29184 0.000156
30208 29184 0.000155
30208 29184 0.000161
30208 29184 0.000157
30208 29184 0.000156
30208 29184 0.000162
30208 29184 0.000154
30208 29184 0.000169
30208 29184 0.000166
30208 29184 0.000154
30208 29184 0.000157
30208 29184 0.000153
30208 29184 0.000173
30208 29184 0.000151
30208 29184 0.000154
30208 29184 0.000147
30208 29184 0.000148
30208 29184 0.000147
30208 29184 0.000152
30208 29184 0.000148
30208 29184 0.000155
30208 29184 0.000149
30208 29184 0.000152
30208 29184 0.000147
30208 29184 0.000156
30208 29184 0.000146
30208 29184 0.000146
30208 29184 0.000173
30208 29184 0.000147
30208 29184 0.000154
30208 29184 0.000321
30208 29184 0.000147
30208 29184 0.000148
30208 29184 0.000149
30208 29184 0.000152
30208 29184 0.000153
30208 29184 0.000147
30208 29184 0.000146
30208 29184 0.000147
30208 29184 0.000145
30208 29184 0.000156
30208 29184 0.000155
30208 29184 0.000174
30208 29184 0.000158
30208 29184 0.000153
30208 29184 0.000161
30208 29184 0.000156
30208 29184 0.000157
30208 29184 0.000164
30208 29184 0.000135
30208 29184 0.000123
30208 29184 0.000116
30208 29184 0.000107
30208 29184 0.000118
30208 29184 0.000107
30208 29184 0.000111
30208 29184 0.000108
30208 29184 0.000108
30208 29184 0.000111
30208 29184 0.000107
30208 29184 0.000107
30208 29184 0.000107
30208 29184 0.000108
30208 29184 0.000107
30208 29184 0.000107
30208 29184 0.000108
30208 29184 0.000114
30208 29184 0.000108
30208 29184 0.000108
30208 29184 0.000109
30208 29184 0.000108
30208 29184 0.000109
30208 29184 0.000109
30208 29184 0.000108
30208 29184 0.000113
30208 29184 0.000108
30208 29184 0.000129
30208 29184 0.000134
30208 29184 0.000107
30208 29184 0.000107

65536 63488 0.000242
65536 63488 0.000245
65536 63488 0.000246
65536 63488 0.000233
65536 63488 0.000265
65536 63488 0.000238
65536 63488 0.000258
65536 63488 0.000238
65536 63488 0.000233
65536 63488 0.000243
65536 63488 0.000233
65536 63488 0.000251
65536 63488 0.000233
65536 63488 0.000233
65536 63488 0.000260
65536 63488 0.000233
65536 63488 0.000233
65536 63488 0.000232
65536 63488 0.000246
65536 63488 0.000233
65536 63488 0.000248
65536 63488 0.000233
65536 63488 0.000237
65536 63488 0.000233
65536 63488 0.000232
65536 63488 0.000233
65536 63488 0.000243
65536 63488 0.000233
65536 63488 0.000246
65536 63488 0.000237
65536 63488 0.000233
65536 63488 0.000282
65536 63488 0.000233
65536 63488 0.000239
65536 63488 0.000234
65536 63488 0.000234
65536 63488 0.000234
65536 63488 0.000234
65536 63488 0.000233
65536 63488 0.000252
65536 63488 0.000237
65536 63488 0.000234
65536 63488 0.000242
65536 63488 0.000233
65536 63488 0.000237
65536 63488 0.000234
65536 63488 0.000233
65536 63488 0.000233
65536 63488 0.000235
65536 63488 0.000246
65536 63488 0.000233
65536 63488 0.000237
65536 63488 0.000235
65536 63488 0.000234
65536 63488 0.000235
65536 63488 0.000236
65536 63488 0.000255
65536 63488 0.000240
65536 63488 0.000234
65536 63488 0.000237
65536 63488 0.000248
65536 63488 0.000232
65536 63488 0.000239
65536 63488 0.000233
65536 63488 0.000233
65536 63488 0.000233
65536 63488 0.000236
65536 63488 0.000239
65536 63488 0.000233
65536 63488 0.000241
65536 63488 0.000233
65536 63488 0.000233
65536 63488 0.000233
65536 63488 0.000241
65536 63488 0.000233
65536 63488 0.000241
65536 63488 0.000232
65536 63488 0.000238
65536 63488 0.000233
65536 63488 0.000233
65536 63488 0.000236
65536 63488 0.000245
65536 63488 0.000233
65536 63488 0.000243
65536 63488 0.000246
65536 63488 0.000233
65536 63488 0.000235
65536 63488 0.000233
65536 63488 0.000236
65536 63488 0.000232
65536 63488 0.000233
65536 63488 0.000237
65536 63488 0.000240
65536 63488 0.000233
65536 63488 0.000233
65536 63488 0.000247
65536 63488 0.000234
65536 63488 0.000251
65536 63488 0.000233
65536 63488 0.000237

141312 137216 0.000516
141312 137216 0.000510
141312 137216 0.000508
141312 137216 0.000513
141312 137216 0.000513
141312 137216 0.000530
141312 137216 0.000518
141312 137216 0.000503
141312 137216 0.000567
141312 137216 0.000521
141312 137216 0.000508
141312 137216 0.000529
141312 137216 0.000513
141312 137216 0.000508
141312 137216 0.000550
141312 137216 0.000504
141312 137216 0.000515
141312 137216 0.000516
141312 137216 0.000546
141312 137216 0.000519
141312 137216 0.000503
141312 137216 0.000511
141312 137216 0.000506
141312 137216 0.000516
141312 137216 0.000537
141312 137216 0.000509
141312 137216 0.000510
141312 137216 0.000515
141312 137216 0.000522
141312 137216 0.000519
141312 137216 0.000516
141312 137216 0.000510
141312 137216 0.000524
141312 137216 0.000510
141312 137216 0.000503
141312 137216 0.000579
141312 137216 0.000624
141312 137216 0.000566
141312 137216 0.000519
141312 137216 0.000570
141312 137216 0.000512
141312 137216 0.000515
141312 137216 0.000506
141312 137216 0.000576
141312 137216 0.000523
141312 137216 0.000503
141312 137216 0.000531
141312 137216 0.000537
141312 137216 0.000523
141312 137216 0.000524
141312 137216 0.000503
141312 137216 0.000552
141312 137216 0.000512
141312 137216 0.000511
141312 137216 0.000537
141312 137216 0.000545
141312 137216 0.000510
141312 137216 0.000511
141312 137216 0.000511
141312 137216 0.000513
141312 137216 0.000526
141312 137216 0.000510
141312 137216 0.000523
141312 137216 0.000530
141312 137216 0.000506
141312 137216 0.000515
141312 137216 0.000509
141312 137216 0.000512
141312 137216 0.000534
141312 137216 0.000552
141312 137216 0.000515
141312 137216 0.000546
141312 137216 0.000507
141312 137216 0.000572
141312 137216 0.000509
141312 137216 0.000521
141312 137216 0.000518
141312 137216 0.000507
141312 137216 0.000510
141312 137216 0.000519
141312 137216 0.000567
141312 137216 0.000536
141312 137216 0.000518
141312 137216 0.000510
141312 137216 0.000522
141312 137216 0.000511
141312 137216 0.000510
141312 137216 0.000539
141312 137216 0.000569
141312 137216 0.000507
141312 137216 0.000542
141312 137216 0.000509
141312 137216 0.000531
141312 137216 0.000515
141312 137216 0.000503
141312 137216 0.000512
141312 137216 0.000503
141312 137216 0.000517
141312 137216 0.000519
141312 137216 0.000507

303104 294912 0.001143
303104 294912 0.001099
303104 294912 0.001136
303104 294912 0.001117
303104 294912 0.001092
303104 294912 0.001093
303104 294912 0.001141
303104 294912 0.001185
303104 294912 0.001212
303104 294912 0.001127
303104 294912 0.001097
303104 294912 0.001097
303104 294912 0.001144
303104 294912 0.001098
303104 294912 0.001137
303104 294912 0.001096
303104 294912 0.001126
303104 294912 0.001113
303104 294912 0.001280
303104 294912 0.001115
303104 294912 0.001087
303104 294912 0.001115
303104 294912 0.001104
303104 294912 0.001107
303104 294912 0.001104
303104 294912 0.001119
303104 294912 0.001095
303104 294912 0.001110
303104 294912 0.001104
303104 294912 0.001106
303104 294912 0.001098
303104 294912 0.001113
303104 294912 0.001086
303104 294912 0.001099
303104 294912 0.001138
303104 294912 0.001087
303104 294912 0.001102
303104 294912 0.001161
303104 294912 0.001099
303104 294912 0.001101
303104 294912 0.001121
303104 294912 0.001093
303104 294912 0.001104
303104 294912 0.001092
303104 294912 0.001110
303104 294912 0.001129
303104 294912 0.001105
303104 294912 0.001097
303104 294912 0.001097
303104 294912 0.001131
303104 294912 0.001122
303104 294912 0.001128
303104 294912 0.001113
303104 294912 0.001096
303104 294912 0.001179
303104 294912 0.001116
303104 294912 0.001133
303104 294912 0.001157
303104 294912 0.001109
303104 294912 0.001106
303104 294912 0.001104
303104 294912 0.001128
303104 294912 0.001088
303104 294912 0.001136
303104 294912 0.001105
303104 294912 0.001096
303104 294912 0.001104
303104 294912 0.001108
303104 294912 0.001098
303104 294912 0.001107
303104 294912 0.001104
303104 294912 0.001124
303104 294912 0.001102
303104 294912 0.001158
303104 294912 0.001098
303104 294912 0.001104
303104 294912 0.001135
303104 294912 0.001098
303104 294912 0.001112
303104 294912 0.001137
303104 294912 0.001097
303104 294912 0.001140
303104 294912 0.001122
303104 294912 0.001090
303104 294912 0.001104
303104 294912 0.001090
303104 294912 0.001097
303104 294912 0.001138
303104 294912 0.001092
303104 294912 0.001098
303104 294912 0.001123
303104 294912 0.001093
303104 294912 0.001095
303104 294912 0.001114
303104 294912 0.001093
303104 294912 0.001093
303104 294912 0.001094
303104 294912 0.001114
303104 294912 0.001086
303104 294912 0.001103

647168 630784 0.002387
647168 630784 0.002382
647168 630784 0.002365
647168 630784 0.002437
647168 630784 0.002417
647168 630784 0.002400
647168 630784 0.002590
647168 630784 0.002422
647168 630784 0.002393
647168 630784 0.002388
647168 630784 0.002381
647168 630784 0.002393
647168 630784 0.002418
647168 630784 0.002415
647168 630784 0.002404
647168 630784 0.002405
647168 630784 0.002369
647168 630784 0.002359
647168 630784 0.002376
647168 630784 0.002348
647168 630784 0.002411
647168 630784 0.002376
647168 630784 0.002453
647168 630784 0.002392
647168 630784 0.002442
647168 630784 0.002366
647168 630784 0.002394
647168 630784 0.002454
647168 630784 0.002670
647168 630784 0.002915
647168 630784 0.002426
647168 630784 0.002386
647168 630784 0.002417
647168 630784 0.002463
647168 630784 0.002357
647168 630784 0.002364
647168 630784 0.002343
647168 630784 0.002435
647168 630784 0.002410
647168 630784 0.002616
647168 630784 0.002708
647168 630784 0.002374
647168 630784 0.002360
647168 630784 0.002369
647168 630784 0.002744
647168 630784 0.002368
647168 630784 0.002411
647168 630784 0.002376
647168 630784 0.002394
647168 630784 0.002404
647168 630784 0.002361
647168 630784 0.002387
647168 630784 0.002337
647168 630784 0.002413
647168 630784 0.002376
647168 630784 0.002375
647168 630784 0.002378
647168 630784 0.002385
647168 630784 0.002373
647168 630784 0.002453
647168 630784 0.002461
647168 630784 0.002371
647168 630784 0.002443
647168 630784 0.002356
647168 630784 0.002409
647168 630784 0.002377
647168 630784 0.002366
647168 630784 0.002419
647168 630784 0.002363
647168 630784 0.002430
647168 630784 0.002427
647168 630784 0.002382
647168 630784 0.002474
647168 630784 0.002429
647168 630784 0.002394
647168 630784 0.002370
647168 630784 0.002382
647168 630784 0.002374
647168 630784 0.002389
647168 630784 0.002378
647168 630784 0.002474
647168 630784 0.002417
647168 630784 0.002347
647168 630784 0.002384
647168 630784 0.002393
647168 630784 0.002417
647168 630784 0.002409
647168 630784 0.002374
647168 630784 0.002436
647168 630784 0.002377
647168 630784 0.002414
647168 630784 0.002397
647168 630784 0.002473
647168 630784 0.002626
647168 630784 0.002794
647168 630784 0.002353
647168 630784 0.002343
647168 630784 0.002424
647168 630784 0.002357
647168 630784 0.002358