157 88 0.000002
161 88 0.000001
163 88 0.000001
159 88 0.000000
159 88 0.000000
164 88 0.000001
163 88 0.000001
173 88 0.000000
172 88 0.000001
167 88 0.000001
166 88 0.000001
154 88 0.000001
163 88 0.000001
165 88 0.000001
175 88 0.000001
158 88 0.000001
174 88 0.000001
156 88 0.000001
165 88 0.000001
159 88 0.000001
152 88 0.000001
160 88 0.000001
165 88 0.000000
176 88 0.000001
161 88 0.000001
162 88 0.000001
177 88 0.000001
161 88 0.000000
174 88 0.000001
168 88 0.000001
161 88 0.000001
170 88 0.000001
167 88 0.000000
155 88 0.000001
164 88 0.000001
163 88 0.000000
163 88 0.000001
171 88 0.000001
166 88 0.000001
174 88 0.000001
178 88 0.000000
168 88 0.000001
162 88 0.000001
156 88 0.000000
152 88 0.000001
165 88 0.000001
179 88 0.000000
161 88 0.000001
156 88 0.000001
173 88 0.000000
181 88 0.000001
164 88 0.000000
177 88 0.000001
171 88 0.000000
158 88 0.000001
168 88 0.000001
164 88 0.000001
158 88 0.000001
166 88 0.000000
169 88 0.000001
172 88 0.000001
166 88 0.000001
168 88 0.000001
170 88 0.000000
170 88 0.000001
181 88 0.000001
182 88 0.000000
167 88 0.000001
155 88 0.000001
171 88 0.000001
171 88 0.000001
153 88 0.000000
166 88 0.000001
156 88 0.000000
164 88 0.000001
154 88 0.000001
161 88 0.000026
159 88 0.000001
163 88 0.000001
162 88 0.000001
157 88 0.000001
166 88 0.000001
149 88 0.000001
168 88 0.000001
174 88 0.000001
171 88 0.000001
173 88 0.000001
156 88 0.000000
171 88 0.000001
172 88 0.000001
164 88 0.000001
155 88 0.000001
160 88 0.000000
165 88 0.000001
161 88 0.000001
157 88 0.000001
162 88 0.000001
159 88 0.000000
177 88 0.000001
162 88 0.000000

396 216 0.000003
394 216 0.000002
360 216 0.000002
394 216 0.000002
383 216 0.000002
388 216 0.000002
388 216 0.000002
383 216 0.000002
396 216 0.000002
367 216 0.000001
383 216 0.000001
387 216 0.000001
372 216 0.000002
392 216 0.000002
376 216 0.000002
397 216 0.000001
413 216 0.000002
385 216 0.000002
407 216 0.000001
384 216 0.000002
397 216 0.000002
396 216 0.000001
379 216 0.000001
386 216 0.000002
389 216 0.000002
380 216 0.000001
382 216 0.000002
383 216 0.000002
377 216 0.000001
389 216 0.000001
398 216 0.000002
380 216 0.000001
375 216 0.000001
406 216 0.000002
382 216 0.000001
385 216 0.000001
367 216 0.000002
396 216 0.000001
384 216 0.000001
390 216 0.000001
402 216 0.000001
394 216 0.000001
386 216 0.000002
389 216 0.000002
372 216 0.000001
377 216 0.000002
382 216 0.000002
394 216 0.000001
385 216 0.000001
398 216 0.000002
403 216 0.000001
390 216 0.000002
410 216 0.000002
376 216 0.000001
378 216 0.000002
380 216 0.000001
394 216 0.000001
391 216 0.000002
398 216 0.000001
374 216 0.000002
388 216 0.000001
388 216 0.000002
401 216 0.000002
371 216 0.000001
397 216 0.000002
414 216 0.000001
382 216 0.000002
406 216 0.000002
399 216 0.000001
405 216 0.000002
371 216 0.000002
387 216 0.000001
409 216 0.000002
398 216 0.000001
406 216 0.000001
389 216 0.000002
371 216 0.000001
397 216 0.000002
378 216 0.000001
387 216 0.000001
389 216 0.000002
387 216 0.000001
384 216 0.000001
368 216 0.000002
387 216 0.000001
383 216 0.000001
390 216 0.000002
393 216 0.000001
391 216 0.000002
395 216 0.000001
392 216 0.000001
392 216 0.000002
378 216 0.000001
386 216 0.000002
374 216 0.000002
380 216 0.000001
398 216 0.000002
382 216 0.000002
386 216 0.000001
380 216 0.000002

914 512 0.000005
919 512 0.000004
921 512 0.000004
863 512 0.000004
890 512 0.000003
936 512 0.000003
851 512 0.000003
885 512 0.000003
903 512 0.000003
883 512 0.000003
901 512 0.000003
879 512 0.000003
881 512 0.000003
907 512 0.000003
882 512 0.000004
905 512 0.000004
868 512 0.000004
913 512 0.000003
879 512 0.000003
884 512 0.000003
898 512 0.000003
904 512 0.000003
908 512 0.000003
900 512 0.000003
897 512 0.000003
882 512 0.000003
917 512 0.000003
887 512 0.000003
905 512 0.000003
896 512 0.000004
869 512 0.000004
902 512 0.000004
913 512 0.000003
895 512 0.000003
922 512 0.000003
888 512 0.000003
910 512 0.000004
865 512 0.000003
896 512 0.000003
889 512 0.000003
883 512 0.000003
903 512 0.000003
882 512 0.000003
864 512 0.000003
923 512 0.000003
896 512 0.000003
885 512 0.000003
892 512 0.000003
863 512 0.000003
876 512 0.000003
878 512 0.000004
885 512 0.000003
874 512 0.000003
900 512 0.000003
898 512 0.000003
895 512 0.000003
888 512 0.000003
936 512 0.000003
883 512 0.000004
879 512 0.000003
887 512 0.000003
882 512 0.000003
929 512 0.000003
902 512 0.000003
882 512 0.000004
898 512 0.000003
924 512 0.000003
925 512 0.000003
901 512 0.000003
938 512 0.000003
881 512 0.000003
886 512 0.000003
894 512 0.000003
925 512 0.000003
892 512 0.000003
901 512 0.000003
892 512 0.000004
890 512 0.000003
867 512 0.000003
883 512 0.000003
907 512 0.000003
878 512 0.000003
932 512 0.000003
935 512 0.000003
877 512 0.000004
893 512 0.000003
896 512 0.000003
929 512 0.000003
893 512 0.000004
886 512 0.000003
925 512 0.000003
886 512 0.000003
877 512 0.000003
891 512 0.000003
898 512 0.000003
864 512 0.000003
900 512 0.000003
871 512 0.000003
885 512 0.000003
893 512 0.000003

2014 1184 0.000010
2006 1184 0.000008
2048 1184 0.000008
2061 1184 0.000007
2028 1184 0.000008
1998 1184 0.000007
1972 1184 0.000007
2041 1184 0.000006
2002 1184 0.000007
2073 1184 0.000007
2015 1184 0.000007
1998 1184 0.000007
2019 1184 0.000008
2021 1184 0.000008
1996 1184 0.000008
1994 1184 0.000008
1987 1184 0.000007
2008 1184 0.000007
2049 1184 0.000007
2029 1184 0.000007
2072 1184 0.000007
2053 1184 0.000006
2003 1184 0.000007
2031 1184 0.000006
2030 1184 0.000007
2026 1184 0.000006
2054 1184 0.000007
1986 1184 0.000007
2066 1184 0.000007
2059 1184 0.000006
2028 1184 0.000007
2066 1184 0.000007
2053 1184 0.000006
2043 1184 0.000007
2023 1184 0.000007
2039 1184 0.000007
2058 1184 0.000007
2084 1184 0.000007
2060 1184 0.000007
2065 1184 0.000006
2061 1184 0.000007
1999 1184 0.000006
2037 1184 0.000007
2024 1184 0.000007
2043 1184 0.000006
2014 1184 0.000007
2018 1184 0.000006
2031 1184 0.000007
2039 1184 0.000007
2086 1184 0.000007
2027 1184 0.000007
2057 1184 0.000006
2080 1184 0.000007
2022 1184 0.000007
2011 1184 0.000007
2076 1184 0.000007
2061 1184 0.000006
1990 1184 0.000007
2015 1184 0.000006
2030 1184 0.000007
2025 1184 0.000006
2061 1184 0.000007
2039 1184 0.000007
2065 1184 0.000007
2019 1184 0.000010
1994 1184 0.000007
2034 1184 0.000007
2049 1184 0.000006
2073 1184 0.000007
2060 1184 0.000007
2018 1184 0.000007
2006 1184 0.000007
2094 1184 0.000006
2048 1184 0.000006
2038 1184 0.000007
2030 1184 0.000007
2028 1184 0.000006
2040 1184 0.000007
2041 1184 0.000007
2027 1184 0.000007
2030 1184 0.000006
2001 1184 0.000007
2067 1184 0.000006
2021 1184 0.000008
2081 1184 0.000006
2083 1184 0.000006
2049 1184 0.000007
2031 1184 0.000007
2014 1184 0.000007
2029 1184 0.000006
2002 1184 0.000007
2008 1184 0.000006
2052 1184 0.000007
2063 1184 0.000007
2011 1184 0.000006
1978 1184 0.000007
1982 1184 0.000008
2004 1184 0.000007
2014 1184 0.000006
1986 1184 0.000007

4517 2688 0.000019
4546 2688 0.000016
4496 2688 0.000017
4575 2688 0.000016
4499 2688 0.000015
4565 2688 0.000015
4557 2688 0.000015
4545 2688 0.000016
4549 2688 0.000015
4519 2688 0.000015
4486 2688 0.000018
4512 2688 0.000015
4544 2688 0.000015
4551 2688 0.000014
4518 2688 0.000015
4519 2688 0.000015
4486 2688 0.000014
4522 2688 0.000014
4511 2688 0.000015
4545 2688 0.000045
4578 2688 0.000015
4512 2688 0.000015
4589 2688 0.000014
4493 2688 0.000015
4514 2688 0.000015
4601 2688 0.000015
4469 2688 0.000015
4607 2688 0.000015
4614 2688 0.000015
4494 2688 0.000015
4512 2688 0.000015
4464 2688 0.000015
4514 2688 0.000015
4565 2688 0.000014
4551 2688 0.000015
4527 2688 0.000015
4594 2688 0.000015
4493 2688 0.000014
4467 2688 0.000017
4563 2688 0.000015
4597 2688 0.000014
4531 2688 0.000015
4460 2688 0.000014
4608 2688 0.000015
4480 2688 0.000015
4527 2688 0.000015
4586 2688 0.000014
4531 2688 0.000015
4486 2688 0.000015
4528 2688 0.000015
4585 2688 0.000015
4492 2688 0.000015
4498 2688 0.000015
4578 2688 0.000015
4524 2688 0.000015
4554 2688 0.000015
4585 2688 0.000015
4470 2688 0.000014
4562 2688 0.000015
4496 2688 0.000014
4502 2688 0.000015
4505 2688 0.000014
4561 2688 0.000015
4548 2688 0.000015
4653 2688 0.000015
4606 2688 0.000015
4556 2688 0.000015
4515 2688 0.000016
4614 2688 0.000015
4455 2688 0.000015
4552 2688 0.000015
4491 2688 0.000014
4572 2688 0.000022
4603 2688 0.000014
4497 2688 0.000015
4551 2688 0.000014
4541 2688 0.000015
4549 2688 0.000015
4536 2688 0.000014
4582 2688 0.000015
4576 2688 0.000015
4638 2688 0.000014
4534 2688 0.000015
4552 2688 0.000015
4534 2688 0.000014
4565 2688 0.000015
4467 2688 0.000015
4607 2688 0.000015
4480 2688 0.000015
4576 2688 0.000014
4515 2688 0.000014
4548 2688 0.000015
4467 2688 0.000014
4534 2688 0.000015
4570 2688 0.000015
4508 2688 0.000015
4511 2688 0.000015
4513 2688 0.000015
4473 2688 0.000015
4535 2688 0.000014

10107 6016 0.000036
10084 6016 0.000033
10034 6016 0.000033
10005 6016 0.000033
9990 6016 0.000034
10019 6016 0.000032
10044 6016 0.000034
10030 6016 0.000032
10023 6016 0.000033
9840 6016 0.000033
9941 6016 0.000033
10107 6016 0.000032
9951 6016 0.000034
9920 6016 0.000033
10040 6016 0.000033
9935 6016 0.000033
9946 6016 0.000032
9903 6016 0.000033
9926 6016 0.000033
9956 6016 0.000033
9949 6016 0.000032
10046 6016 0.000032
9978 6016 0.000033
9970 6016 0.000033
9970 6016 0.000033
9965 6016 0.000032
10017 6016 0.000033
10036 6016 0.000032
10135 6016 0.000032
9996 6016 0.000032
10035 6016 0.000032
9982 6016 0.000033
9945 6016 0.000033
10108 6016 0.000032
9962 6016 0.000032
10023 6016 0.000032
10020 6016 0.000033
9977 6016 0.000032
10126 6016 0.000033
10010 6016 0.000032
9914 6016 0.000032
10002 6016 0.000032
9982 6016 0.000033
10202 6016 0.000032
9946 6016 0.000033
10175 6016 0.000032
10080 6016 0.000033
9867 6016 0.000032
10022 6016 0.000032
10025 6016 0.000033
10022 6016 0.000033
9994 6016 0.000033
10176 6016 0.000032
9927 6016 0.000033
9994 6016 0.000032
10002 6016 0.000032
10014 6016 0.000063
9930 6016 0.000034
9981 6016 0.000033
9923 6016 0.000032
10021 6016 0.000033
9987 6016 0.000033
10135 6016 0.000032
10093 6016 0.000033
9966 6016 0.000032
10047 6016 0.000033
9980 6016 0.000032
10057 6016 0.000033
9913 6016 0.000032
9991 6016 0.000033
10113 6016 0.000032
10023 6016 0.000032
10024 6016 0.000033
9972 6016 0.000032
10105 6016 0.000032
10041 6016 0.000032
9933 6016 0.000032
9986 6016 0.000032
9973 6016 0.000033
10010 6016 0.000032
10027 6016 0.000033
10086 6016 0.000033
10098 6016 0.000032
9896 6016 0.000033
9967 6016 0.000032
10118 6016 0.000032
9991 6016 0.000033
9982 6016 0.000033
9999 6016 0.000033
10037 6016 0.000032
10046 6016 0.000033
9901 6016 0.000032
10060 6016 0.000032
10024 6016 0.000033
9943 6016 0.000033
9946 6016 0.000032
10000 6016 0.000032
10004 6016 0.000033
10053 6016 0.000033
9958 6016 0.000033

47696 29184 0.000167
47493 29184 0.000155
47630 29184 0.000155
47524 29184 0.000157
47637 29184 0.000153
47835 29184 0.000156
47633 29184 0.000157
47795 29184 0.000152
47716 29184 0.000154
47548 29184 0.000158
47378 29184 0.000157
47698 29184 0.000156
47675 29184 0.000153
47421 29184 0.000153
47551 29184 0.000153
47799 29184 0.000154
47641 29184 0.000156
47728 29184 0.000152
47613 29184 0.000152
47522 29184 0.000183
47604 29184 0.000154
47763 29184 0.000153
47520 29184 0.000153
47699 29184 0.000152
47637 29184 0.000152
47796 29184 0.000153
47727 29184 0.000154
47508 29184 0.000156
47537 29184 0.000154
47525 29184 0.000157
47434 29184 0.000153
47477 29184 0.000153
47620 29184 0.000153
47434 29184 0.000153
47702 29184 0.000153
47633 29184 0.000154
47656 29184 0.000153
47705 29184 0.000154
47343 29184 0.000154
47838 29184 0.000154
47752 29184 0.000151
48002 29184 0.000153
47923 29184 0.000153
47849 29184 0.000156
47594 29184 0.000157
47558 29184 0.000158
47416 29184 0.000154
47671 29184 0.000154
47764 29184 0.000156
47567 29184 0.000155
47649 29184 0.000151
47638 29184 0.000153
47493 29184 0.000154
47700 29184 0.000168
47643 29184 0.000154
47584 29184 0.000153
47730 29184 0.000154
47840 29184 0.000156
47605 29184 0.000155
47729 29184 0.000153
47857 29184 0.000153
47616 29184 0.000152
47638 29184 0.000157
47481 29184 0.000157
47770 29184 0.000157
47736 29184 0.000153
47526 29184 0.000153
47391 29184 0.000154
47830 29184 0.000156
47836 29184 0.000153
47457 29184 0.000157
47560 29184 0.000157
47393 29184 0.000154
47756 29184 0.000153
47717 29184 0.000153
47867 29184 0.000152
47843 29184 0.000156
47766 29184 0.000154
47783 29184 0.000154
47561 29184 0.000156
47684 29184 0.000154
47421 29184 0.000153
47656 29184 0.000153
47744 29184 0.000171
47542 29184 0.000152
47430 29184 0.000157
47633 29184 0.000156
47764 29184 0.000154
47639 29184 0.000158
47495 29184 0.000153
47474 29184 0.000153
47698 29184 0.000156
47830 29184 0.000153
47591 29184 0.000152
47193 29184 0.000154
47468 29184 0.000153
47665 29184 0.000153
47651 29184 0.000156
47438 29184 0.000158
47639 29184 0.000157

21926 13312 0.000076
21848 13312 0.000073
21887 13312 0.000071
22043 13312 0.000071
21880 13312 0.000070
21844 13312 0.000070
21777 13312 0.000071
21870 13312 0.000072
21832 13312 0.000103
21781 13312 0.000072
21991 13312 0.000070
21973 13312 0.000070
21954 13312 0.000071
21989 13312 0.000072
21789 13312 0.000072
21732 13312 0.000072
21856 13312 0.000072
21908 13312 0.000071
21837 13312 0.000071
21632 13312 0.000073
21848 13312 0.000072
21934 13312 0.000070
21994 13312 0.000071
22064 13312 0.000071
21960 13312 0.000071
21787 13312 0.000071
21890 13312 0.000070
21786 13312 0.000070
22059 13312 0.000071
21878 13312 0.000071
21876 13312 0.000072
21821 13312 0.000073
21935 13312 0.000070
21923 13312 0.000071
21895 13312 0.000072
21738 13312 0.000072
21783 13312 0.000072
21861 13312 0.000071
21984 13312 0.000072
21840 13312 0.000072
21925 13312 0.000072
21912 13312 0.000070
21873 13312 0.000071
21912 13312 0.000071
21981 13312 0.000070
21973 13312 0.000070
21956 13312 0.000071
21881 13312 0.000071
21745 13312 0.000071
21863 13312 0.000071
21744 13312 0.000073
21905 13312 0.000072
22196 13312 0.000070
21978 13312 0.000090
22089 13312 0.000071
21899 13312 0.000070
21935 13312 0.000071
22001 13312 0.000070
21865 13312 0.000071
21808 13312 0.000070
21985 13312 0.000070
21684 13312 0.000072
22028 13312 0.000071
22086 13312 0.000072
21994 13312 0.000071
21980 13312 0.000071
21931 13312 0.000070
21879 13312 0.000070
21798 13312 0.000073
21773 13312 0.000071
21754 13312 0.000071
21906 13312 0.000071
21857 13312 0.000070
21903 13312 0.000071
21880 13312 0.000071
21949 13312 0.000071
21969 13312 0.000071
21956 13312 0.000070
22011 13312 0.000070
21964 13312 0.000070
21968 13312 0.000070
21939 13312 0.000071
21911 13312 0.000070
21914 13312 0.000070
21877 13312 0.000070
21940 13312 0.000070
21786 13312 0.000070
21853 13312 0.000073
22029 13312 0.000070
21910 13312 0.000070
22019 13312 0.000070
22199 13312 0.000070
21873 13312 0.000071
21864 13312 0.000070
21942 13312 0.000070
21946 13312 0.000071
21982 13312 0.000071
21775 13312 0.000071
21908 13312 0.000090
22202 13312 0.000071

221284 137216 0.000733
221335 137216 0.000729
221063 137216 0.000726
221211 137216 0.000721
221151 137216 0.000724
220873 137216 0.000744
221409 137216 0.000711
221077 137216 0.000707
221075 137216 0.000706
221510 137216 0.000708
221183 137216 0.000735
221253 137216 0.000709
221355 137216 0.000724
220831 137216 0.000721
221489 137216 0.000720
221610 137216 0.000709
220806 137216 0.000711
220894 137216 0.000723
221858 137216 0.000708
220636 137216 0.000728
221926 137216 0.000723
221251 137216 0.000710
221420 137216 0.000721
220908 137216 0.000709
221065 137216 0.000731
221258 137216 0.000710
221191 137216 0.000709
221326 137216 0.000724
221097 137216 0.000707
221086 137216 0.000729
220958 137216 0.000710
221213 137216 0.000709
221149 137216 0.000710
220253 137216 0.000732
221818 137216 0.000723
221062 137216 0.000706
221424 137216 0.000707
221013 137216 0.000709
220642 137216 0.000715
220738 137216 0.000709
220751 137216 0.000708
221326 137216 0.000712
220982 137216 0.000707
221059 137216 0.000717
221396 137216 0.000709
221269 137216 0.000708
221267 137216 0.000708
221512 137216 0.000707
221309 137216 0.000724
221167 137216 0.000722
221207 137216 0.000720
221261 137216 0.000709
220990 137216 0.000715
221646 137216 0.000714
220952 137216 0.000712
221060 137216 0.000708
220831 137216 0.000709
221026 137216 0.000717
220949 137216 0.000710
221589 137216 0.000708
220700 137216 0.000719
221173 137216 0.000709
221189 137216 0.000727
221426 137216 0.000723
221513 137216 0.000705
221214 137216 0.000727
221623 137216 0.000717
220735 137216 0.000711
221921 137216 0.000708
221543 137216 0.000707
220987 137216 0.000709
221128 137216 0.000719
221162 137216 0.000726
221338 137216 0.000722
221247 137216 0.000704
221266 137216 0.000709
221172 137216 0.000729
221491 137216 0.000712
220887 137216 0.000708
221149 137216 0.000709
221354 137216 0.000720
221215 137216 0.000709
221131 137216 0.000709
221451 137216 0.000721
220762 137216 0.000724
221298 137216 0.000725
220883 137216 0.000709
221501 137216 0.000721
221019 137216 0.000722
221381 137216 0.000709
220735 137216 0.000737
221275 137216 0.000723
221524 137216 0.000705
221355 137216 0.000709
221608 137216 0.000710
220990 137216 0.000732
221377 137216 0.000726
221090 137216 0.000722
221827 137216 0.000722
221467 137216 0.000731

103255 63488 0.000349
103003 63488 0.000331
102641 63488 0.000331
102867 63488 0.000337
103029 63488 0.000330
102600 63488 0.000338
103040 63488 0.000330
102833 63488 0.000361
103324 63488 0.000338
102881 63488 0.000337
102947 63488 0.000337
102586 63488 0.000331
102969 63488 0.000331
102907 63488 0.000338
102669 63488 0.000338
103193 63488 0.000330
102927 63488 0.000338
102976 63488 0.000407
102664 63488 0.000338
102611 63488 0.000348
102769 63488 0.000333
102650 63488 0.000331
103223 63488 0.000330
102920 63488 0.000331
103057 63488 0.000338
102869 63488 0.000337
103225 63488 0.000333
103277 63488 0.000357
102849 63488 0.000329
102683 63488 0.000331
102960 63488 0.000337
102606 63488 0.000331
103483 63488 0.000338
102818 63488 0.000331
102898 63488 0.000335
102715 63488 0.000340
102643 63488 0.000332
102846 63488 0.000350
103014 63488 0.000329
102933 63488 0.000337
102943 63488 0.000337
102835 63488 0.000330
103052 63488 0.000337
103083 63488 0.000335
103135 63488 0.000340
102659 63488 0.000338
103057 63488 0.000337
102968 63488 0.000351
102776 63488 0.000332
102690 63488 0.000339
103163 63488 0.000418
102725 63488 0.000337
103212 63488 0.000457
103015 63488 0.000337
102721 63488 0.000338
102920 63488 0.000338
103130 63488 0.000353
102897 63488 0.000337
103133 63488 0.000336
103506 63488 0.000330
102859 63488 0.000338
103050 63488 0.000331
102335 63488 0.000331
102683 63488 0.000332
103129 63488 0.000331
102740 63488 0.000338
102901 63488 0.000352
102932 63488 0.000329
103226 63488 0.000336
102758 63488 0.000331
102828 63488 0.000332
103204 63488 0.000332
102637 63488 0.000338
103251 63488 0.000330
102892 63488 0.000338
102722 63488 0.000331
102625 63488 0.000355
102905 63488 0.000338
102771 63488 0.000338
102759 63488 0.000337
103150 63488 0.000330
102666 63488 0.000333
103145 63488 0.000338
102670 63488 0.000339
102639 63488 0.000331
102865 63488 0.000332
103036 63488 0.000350
103105 63488 0.000330
102853 63488 0.000337
102402 63488 0.000338
103155 63488 0.000330
102814 63488 0.000337
102848 63488 0.000331
102749 63488 0.000341
103042 63488 0.000335
103237 63488 0.000330
102503 63488 0.000351
103304 63488 0.000329
102885 63488 0.000330
102426 63488 0.000332

472890 294912 0.001636
473035 294912 0.001557
472327 294912 0.001510
472747 294912 0.001542
472984 294912 0.001544
472104 294912 0.001521
472906 294912 0.001545
473116 294912 0.001511
473703 294912 0.001552
473470 294912 0.001540
472756 294912 0.001540
472861 294912 0.001604
472902 294912 0.001549
473294 294912 0.001512
472638 294912 0.001540
472117 294912 0.001528
472830 294912 0.001537
473582 294912 0.001543
472650 294912 0.001541
472526 294912 0.001563
473006 294912 0.001544
472705 294912 0.001530
472851 294912 0.001511
472612 294912 0.001534
472339 294912 0.001510
472938 294912 0.001520
472549 294912 0.001532
472198 294912 0.001544
472840 294912 0.001543
473499 294912 0.001538
473661 294912 0.001553
472918 294912 0.001543
472667 294912 0.001542
472077 294912 0.001527
473030 294912 0.001529
471764 294912 0.001544
472903 294912 0.001521
472384 294912 0.001510
472667 294912 0.001509
472526 294912 0.001522
472907 294912 0.001512
472863 294912 0.001552
473725 294912 0.001538
472764 294912 0.001550
472141 294912 0.001509
473024 294912 0.001535
474358 294912 0.001540
472627 294912 0.001541
473427 294912 0.001525
473495 294912 0.001545
473201 294912 0.001521
472759 294912 0.001510
473107 294912 0.001543
472317 294912 0.001547
473078 294912 0.001561
473109 294912 0.001532
472193 294912 0.001529
473538 294912 0.001508
473587 294912 0.001541
473564 294912 0.001512
472854 294912 0.001510
472177 294912 0.001558
473224 294912 0.001546
474296 294912 0.001530
473482 294912 0.001510
472803 294912 0.001524
472794 294912 0.001507
472980 294912 0.001513
473262 294912 0.001512
472938 294912 0.001510
472390 294912 0.001523
472990 294912 0.001534
472779 294912 0.001538
473516 294912 0.001515
473566 294912 0.001552
472649 294912 0.001511
472550 294912 0.001544
472668 294912 0.001509
473133 294912 0.001509
473404 294912 0.001522
473394 294912 0.001507
473005 294912 0.001518
471911 294912 0.001539
473352 294912 0.001547
472876 294912 0.001544
472426 294912 0.001528
473638 294912 0.001538
472449 294912 0.001543
473090 294912 0.001547
472784 294912 0.001513
474038 294912 0.001547
472693 294912 0.001542
472754 294912 0.001523
472521 294912 0.001516
472747 294912 0.001530
472457 294912 0.001509
472517 294912 0.001511
472276 294912 0.001512
472809 294912 0.001509
472845 294912 0.001550

1008107 630784 0.003340
1007662 630784 0.003284
1007306 630784 0.003240
1007421 630784 0.003241
1007620 630784 0.003236
1007711 630784 0.003281
1007373 630784 0.003264
1007977 630784 0.003224
1006722 630784 0.003249
1007036 630784 0.003260
1007945 630784 0.003221
1007707 630784 0.003219
1006598 630784 0.003242
1006999 630784 0.003229
1007822 630784 0.003207
1007337 630784 0.003236
1008300 630784 0.003274
1007997 630784 0.003208
1006853 630784 0.003224
1007598 630784 0.003277
1006815 630784 0.003256
1008235 630784 0.003278
1007947 630784 0.003234
1007125 630784 0.003275
1007530 630784 0.003318
1006375 630784 0.003232
1007463 630784 0.003271
1007816 630784 0.003232
1007637 630784 0.003257
1004823 630784 0.003259
1007070 630784 0.003294
1007229 630784 0.003295
1007685 630784 0.003264
1006286 630784 0.003227
1007352 630784 0.003208
1007087 630784 0.003278
1007663 630784 0.003216
1007683 630784 0.003223
1007520 630784 0.003278
1008795 630784 0.003284
1007114 630784 0.003223
1007420 630784 0.003239
1006976 630784 0.003248
1008347 630784 0.003218
1007031 630784 0.003215
1007308 630784 0.003249
1006251 630784 0.003285
1008420 630784 0.003258
1006418 630784 0.003272
1006629 630784 0.003244
1006665 630784 0.003245
1007482 630784 0.003228
1007124 630784 0.003249
1007270 630784 0.003208
1005769 630784 0.003236
1006428 630784 0.003284
1007604 630784 0.003274
1006848 630784 0.003274
1007113 630784 0.003267
1006748 630784 0.003232
1006770 630784 0.003270
1007631 630784 0.003267
1006351 630784 0.003254
1007213 630784 0.003252
1007471 630784 0.003287
1006428 630784 0.003278
1008215 630784 0.003233
1007460 630784 0.003261
1007085 630784 0.003257
1007347 630784 0.003221
1007016 630784 0.003234
1007364 630784 0.003241
1007858 630784 0.003272
1006476 630784 0.003276
1007472 630784 0.003268
1008168 630784 0.003211
1006637 630784 0.003292
1007053 630784 0.003282
1006775 630784 0.003234
1006675 630784 0.003249
1005277 630784 0.003237
1006436 630784 0.003242
1006066 630784 0.003221
1006820 630784 0.003232
1006344 630784 0.003253
1006511 630784 0.003222
1007062 630784 0.003247
1007511 630784 0.003225
1007140 630784 0.003237
1007200 630784 0.003252
1006762 630784 0.003256
1006822 630784 0.003212
1006198 630784 0.003214
1008039 630784 0.003210
1007442 630784 0.003241
1006010 630784 0.003226
1008876 630784 0.003232
1007177 630784 0.003243
1007254 630784 0.003278
1006167 630784 0.003345