184 88 0.000002
184 88 0.000001
184 88 0.000001
182 88 0.000001
183 88 0.000000
182 88 0.000001
182 88 0.000000
183 88 0.000000
184 88 0.000001
182 88 0.000001
184 88 0.000000
184 88 0.000001
184 88 0.000001
184 88 0.000000
183 88 0.000000
184 88 0.000001
183 88 0.000001
184 88 0.000000
184 88 0.000001
182 88 0.000001
184 88 0.000000
184 88 0.000000
184 88 0.000001
184 88 0.000001
183 88 0.000000
184 88 0.000000
184 88 0.000001
184 88 0.000001
184 88 0.000000
184 88 0.000000
184 88 0.000001
184 88 0.000001
184 88 0.000000
183 88 0.000001
184 88 0.000001
184 88 0.000000
184 88 0.000000
182 88 0.000000
184 88 0.000001
184 88 0.000001
184 88 0.000000
184 88 0.000000
184 88 0.000001
184 88 0.000001
184 88 0.000000
182 88 0.000000
184 88 0.000001
184 88 0.000001
184 88 0.000000
184 88 0.000000
184 88 0.000001
184 88 0.000001
184 88 0.000000
183 88 0.000000
184 88 0.000001
184 88 0.000001
182 88 0.000000
182 88 0.000000
184 88 0.000001
184 88 0.000001
183 88 0.000000
184 88 0.000001
183 88 0.000001
184 88 0.000000
183 88 0.000000
184 88 0.000001
184 88 0.000001
184 88 0.000000
184 88 0.000000
184 88 0.000001
184 88 0.000001
184 88 0.000000
182 88 0.000000
184 88 0.000001
184 88 0.000001
184 88 0.000000
184 88 0.000000
184 88 0.000001
184 88 0.000001
182 88 0.000000
180 88 0.000000
184 88 0.000001
182 88 0.000001
184 88 0.000000
184 88 0.000000
183 88 0.000001
182 88 0.000001
184 88 0.000000
182 88 0.000000
184 88 0.000001
184 88 0.000001
184 88 0.000000
184 88 0.000000
182 88 0.000001
184 88 0.000001
180 88 0.000000
184 88 0.000000
184 88 0.000001
183 88 0.000001
184 88 0.000000

448 216 0.000001
448 216 0.000001
448 216 0.000001
448 216 0.000001
444 216 0.000001
448 216 0.000001
448 216 0.000001
448 216 0.000001
446 216 0.000001
448 216 0.000001
446 216 0.000001
444 216 0.000001
446 216 0.000001
448 216 0.000001
448 216 0.000001
448 216 0.000001
448 216 0.000001
447 216 0.000001
448 216 0.000001
448 216 0.000001
446 216 0.000001
446 216 0.000001
448 216 0.000001
448 216 0.000001
446 216 0.000001
446 216 0.000001
448 216 0.000001
448 216 0.000001
448 216 0.000001
448 216 0.000001
447 216 0.000001
441 216 0.000001
448 216 0.000001
448 216 0.000001
448 216 0.000001
448 216 0.000001
448 216 0.000001
446 216 0.000001
448 216 0.000001
447 216 0.000001
448 216 0.000001
448 216 0.000002
448 216 0.000002
448 216 0.000002
446 216 0.000001
448 216 0.000001
448 216 0.000001
448 216 0.000001
448 216 0.000001
446 216 0.000001
448 216 0.000001
448 216 0.000001
448 216 0.000001
446 216 0.000001
448 216 0.000001
444 216 0.000001
445 216 0.000001
448 216 0.000001
447 216 0.000001
448 216 0.000001
445 216 0.000001
448 216 0.000001
448 216 0.000001
448 216 0.000001
448 216 0.000001
446 216 0.000002
448 216 0.000001
448 216 0.000001
446 216 0.000001
448 216 0.000001
448 216 0.000001
447 216 0.000001
446 216 0.000001
448 216 0.000001
448 216 0.000001
447 216 0.000001
447 216 0.000001
446 216 0.000001
448 216 0.000001
447 216 0.000001
447 216 0.000001
447 216 0.000001
448 216 0.000001
447 216 0.000001
448 216 0.000001
448 216 0.000001
448 216 0.000001
446 216 0.000001
448 216 0.000001
445 216 0.000001
448 216 0.000001
446 216 0.000001
448 216 0.000001
447 216 0.000001
446 216 0.000001
448 216 0.000001
448 216 0.000001
448 216 0.000001
448 216 0.000001
448 216 0.000001

1056 512 0.000002
1056 512 0.000002
1054 512 0.000002
1054 512 0.000002
1055 512 0.000002
1054 512 0.000002
1056 512 0.000002
1052 512 0.000002
1053 512 0.000002
1055 512 0.000003
1056 512 0.000002
1056 512 0.000003
1055 512 0.000002
1056 512 0.000003
1056 512 0.000002
1054 512 0.000002
1056 512 0.000002
1056 512 0.000002
1054 512 0.000002
1056 512 0.000002
1055 512 0.000002
1054 512 0.000002
1055 512 0.000003
1055 512 0.000002
1055 512 0.000003
1056 512 0.000002
1055 512 0.000002
1054 512 0.000002
1054 512 0.000002
1053 512 0.000002
1056 512 0.000002
1056 512 0.000003
1054 512 0.000002
1056 512 0.000002
1056 512 0.000002
1054 512 0.000002
1054 512 0.000002
1054 512 0.000002
1055 512 0.000002
1056 512 0.000002
1056 512 0.000002
1054 512 0.000002
1052 512 0.000003
1054 512 0.000002
1054 512 0.000002
1054 512 0.000002
1055 512 0.000002
1054 512 0.000002
1055 512 0.000003
1054 512 0.000002
1056 512 0.000002
1054 512 0.000002
1054 512 0.000003
1056 512 0.000002
1055 512 0.000002
1053 512 0.000002
1056 512 0.000002
1056 512 0.000002
1056 512 0.000002
1056 512 0.000002
1056 512 0.000002
1056 512 0.000003
1054 512 0.000002
1056 512 0.000002
1054 512 0.000002
1056 512 0.000002
1054 512 0.000002
1054 512 0.000002
1054 512 0.000002
1053 512 0.000002
1056 512 0.000002
1055 512 0.000002
1056 512 0.000003
1054 512 0.000002
1056 512 0.000002
1056 512 0.000002
1056 512 0.000002
1054 512 0.000002
1052 512 0.000002
1052 512 0.000002
1056 512 0.000002
1055 512 0.000003
1053 512 0.000002
1055 512 0.000002
1054 512 0.000003
1053 512 0.000002
1056 512 0.000003
1056 512 0.000002
1053 512 0.000003
1056 512 0.000002
1056 512 0.000002
1055 512 0.000002
1056 512 0.000002
1056 512 0.000002
1054 512 0.000002
1056 512 0.000002
1055 512 0.000002
1056 512 0.000002
1056 512 0.000002
1056 512 0.000002

2427 1184 0.000005
2432 1184 0.000005
2429 1184 0.000005
2432 1184 0.000005
2430 1184 0.000005
2430 1184 0.000004
2429 1184 0.000004
2429 1184 0.000005
2432 1184 0.000005
2428 1184 0.000005
2430 1184 0.000005
2431 1184 0.000004
2431 1184 0.000005
2429 1184 0.000005
2429 1184 0.000005
2430 1184 0.000005
2430 1184 0.000005
2432 1184 0.000004
2430 1184 0.000004
2428 1184 0.000005
2429 1184 0.000005
2432 1184 0.000042
2430 1184 0.000007
2430 1184 0.000006
2427 1184 0.000007
2425 1184 0.000007
2426 1184 0.000005
2428 1184 0.000005
2430 1184 0.000005
2431 1184 0.000005
2430 1184 0.000004
2430 1184 0.000005
2432 1184 0.000005
2430 1184 0.000005
2432 1184 0.000004
2432 1184 0.000004
2432 1184 0.000005
2428 1184 0.000005
2426 1184 0.000005
2431 1184 0.000005
2427 1184 0.000004
2425 1184 0.000004
2430 1184 0.000005
2429 1184 0.000005
2429 1184 0.000005
2426 1184 0.000004
2427 1184 0.000004
2430 1184 0.000005
2432 1184 0.000005
2430 1184 0.000005
2428 1184 0.000004
2432 1184 0.000004
2428 1184 0.000005
2428 1184 0.000005
2428 1184 0.000005
2430 1184 0.000005
2432 1184 0.000004
2429 1184 0.000004
2425 1184 0.000005
2430 1184 0.000005
2428 1184 0.000005
2430 1184 0.000005
2432 1184 0.000004
2432 1184 0.000005
2424 1184 0.000005
2431 1184 0.000005
2431 1184 0.000005
2432 1184 0.000004
2428 1184 0.000004
2424 1184 0.000005
2426 1184 0.000005
2428 1184 0.000016
2431 1184 0.000005
2432 1184 0.000005
2429 1184 0.000005
2432 1184 0.000004
2432 1184 0.000005
2429 1184 0.000005
2429 1184 0.000005
2430 1184 0.000005
2432 1184 0.000004
2429 1184 0.000004
2427 1184 0.000004
2432 1184 0.000005
2432 1184 0.000005
2427 1184 0.000005
2423 1184 0.000004
2426 1184 0.000004
2430 1184 0.000005
2432 1184 0.000005
2428 1184 0.000005
2431 1184 0.000005
2428 1184 0.000004
2430 1184 0.000005
2427 1184 0.000005
2428 1184 0.000005
2431 1184 0.000005
2432 1184 0.000004
2432 1184 0.000004
2428 1184 0.000005

5498 2688 0.000011
5500 2688 0.000011
5499 2688 0.000010
5501 2688 0.000010
5495 2688 0.000011
5502 2688 0.000011
5497 2688 0.000016
5495 2688 0.000015
5500 2688 0.000011
5496 2688 0.000010
5498 2688 0.000010
5497 2688 0.000011
5497 2688 0.000011
5501 2688 0.000010
5500 2688 0.000010
5502 2688 0.000011
5498 2688 0.000011
5502 2688 0.000010
5496 2688 0.000010
5504 2688 0.000011
5495 2688 0.000011
5500 2688 0.000010
5495 2688 0.000010
5498 2688 0.000011
5504 2688 0.000011
5504 2688 0.000010
5499 2688 0.000010
5501 2688 0.000015
5495 2688 0.000011
5500 2688 0.000010
5497 2688 0.000010
5504 2688 0.000011
5499 2688 0.000011
5500 2688 0.000010
5496 2688 0.000010
5500 2688 0.000010
5502 2688 0.000011
5499 2688 0.000011
5502 2688 0.000010
5501 2688 0.000016
5497 2688 0.000010
5504 2688 0.000010
5498 2688 0.000011
5497 2688 0.000011
5502 2688 0.000010
5498 2688 0.000010
5502 2688 0.000011
5497 2688 0.000011
5501 2688 0.000010
5492 2688 0.000010
5501 2688 0.000011
5499 2688 0.000011
5501 2688 0.000010
5501 2688 0.000011
5500 2688 0.000011
5501 2688 0.000010
5499 2688 0.000010
5501 2688 0.000011
5500 2688 0.000011
5492 2688 0.000010
5497 2688 0.000010
5498 2688 0.000011
5497 2688 0.000011
5496 2688 0.000010
5500 2688 0.000011
5495 2688 0.000011
5504 2688 0.000010
5500 2688 0.000010
5493 2688 0.000011
5494 2688 0.000011
5501 2688 0.000010
5498 2688 0.000015
5501 2688 0.000011
5493 2688 0.000011
5500 2688 0.000010
5494 2688 0.000011
5496 2688 0.000011
5498 2688 0.000010
5498 2688 0.000010
5498 2688 0.000011
5496 2688 0.000011
5501 2688 0.000010
5498 2688 0.000010
5491 2688 0.000011
5500 2688 0.000011
5495 2688 0.000010
5500 2688 0.000011
5503 2688 0.000011
5502 2688 0.000010
5500 2688 0.000010
5501 2688 0.000010
5491 2688 0.000014
5497 2688 0.000013
5496 2688 0.000013
5501 2688 0.000011
5501 2688 0.000010
5498 2688 0.000010
5499 2688 0.000011
5497 2688 0.000010
5495 2688 0.000010

12280 6016 0.000023
12275 6016 0.000024
12276 6016 0.000024
12276 6016 0.000024
12283 6016 0.000023
12273 6016 0.000023
12274 6016 0.000024
12275 6016 0.000023
12280 6016 0.000024
12273 6016 0.000023
12268 6016 0.000023
12283 6016 0.000024
12272 6016 0.000024
12273 6016 0.000023
12277 6016 0.000024
12266 6016 0.000024
12276 6016 0.000023
12277 6016 0.000024
12275 6016 0.000023
12284 6016 0.000023
12281 6016 0.000027
12284 6016 0.000023
12284 6016 0.000024
12278 6016 0.000024
12276 6016 0.000023
12281 6016 0.000024
12282 6016 0.000024
12280 6016 0.000062
12278 6016 0.000023
12268 6016 0.000024
12279 6016 0.000027
12277 6016 0.000023
12278 6016 0.000023
12284 6016 0.000024
12282 6016 0.000023
12275 6016 0.000023
12280 6016 0.000024
12279 6016 0.000031
12281 6016 0.000030
12276 6016 0.000025
12280 6016 0.000023
12282 6016 0.000024
12280 6016 0.000024
12281 6016 0.000023
12272 6016 0.000024
12282 6016 0.000024
12281 6016 0.000023
12280 6016 0.000023
12282 6016 0.000024
12279 6016 0.000023
12283 6016 0.000023
12280 6016 0.000024
12280 6016 0.000029
12275 6016 0.000023
12279 6016 0.000024
12281 6016 0.000024
12278 6016 0.000033
12282 6016 0.000032
12281 6016 0.000029
12278 6016 0.000029
12272 6016 0.000029
12277 6016 0.000023
12279 6016 0.000024
12275 6016 0.000030
12280 6016 0.000030
12270 6016 0.000024
12281 6016 0.000062
12272 6016 0.000029
12276 6016 0.000034
12273 6016 0.000023
12276 6016 0.000024
12281 6016 0.000026
12269 6016 0.000024
12278 6016 0.000024
12279 6016 0.000031
12280 6016 0.000024
12279 6016 0.000031
12280 6016 0.000028
12282 6016 0.000024
12274 6016 0.000024
12281 6016 0.000023
12281 6016 0.000036
12282 6016 0.000029
12279 6016 0.000032
12275 6016 0.000024
12279 6016 0.000023
12283 6016 0.000023
12274 6016 0.000024
12273 6016 0.000026
12277 6016 0.000027
12281 6016 0.000028
12278 6016 0.000031
12276 6016 0.000030
12279 6016 0.000024
12278 6016 0.000023
12285 6016 0.000023
12284 6016 0.000024
12281 6016 0.000023
12277 6016 0.000023
12280 6016 0.000024

27116 13312 0.000053
27120 13312 0.000052
27122 13312 0.000052
27119 13312 0.000052
27118 13312 0.000052
27113 13312 0.000052
27110 13312 0.000064
27115 13312 0.000056
27111 13312 0.000052
27115 13312 0.000052
27107 13312 0.000052
27114 13312 0.000052
27104 13312 0.000052
27115 13312 0.000052
27116 13312 0.000052
27121 13312 0.000052
27118 13312 0.000052
27118 13312 0.000116
27120 13312 0.000052
27116 13312 0.000052
27122 13312 0.000053
27122 13312 0.000052
27117 13312 0.000098
27124 13312 0.000053
27119 13312 0.000052
27124 13312 0.000052
27115 13312 0.000052
27113 13312 0.000052
27112 13312 0.000052
27112 13312 0.000051
27127 13312 0.000051
27117 13312 0.000053
27118 13312 0.000052
27118 13312 0.000052
27123 13312 0.000058
27119 13312 0.000059
27101 13312 0.000052
27114 13312 0.000052
27112 13312 0.000054
27117 13312 0.000065
27130 13312 0.000052
27114 13312 0.000052
27125 13312 0.000052
27103 13312 0.000053
27107 13312 0.000052
27112 13312 0.000052
27107 13312 0.000052
27114 13312 0.000064
27110 13312 0.000052
27106 13312 0.000085
27117 13312 0.000076
27112 13312 0.000056
27111 13312 0.000052
27124 13312 0.000052
27121 13312 0.000051
27116 13312 0.000052
27110 13312 0.000061
27113 13312 0.000080
27108 13312 0.000052
27117 13312 0.000052
27106 13312 0.000052
27122 13312 0.000052
27111 13312 0.000061
27120 13312 0.000052
27102 13312 0.000052
27119 13312 0.000051
27114 13312 0.000051
27118 13312 0.000052
27114 13312 0.000052
27107 13312 0.000052
27123 13312 0.000052
27121 13312 0.000052
27108 13312 0.000052
27123 13312 0.000069
27115 13312 0.000063
27116 13312 0.000052
27111 13312 0.000059
27115 13312 0.000052
27122 13312 0.000051
27114 13312 0.000051
27117 13312 0.000073
27104 13312 0.000052
27115 13312 0.000052
27126 13312 0.000052
27117 13312 0.000052
27110 13312 0.000052
27116 13312 0.000051
27112 13312 0.000051
27117 13312 0.000051
27120 13312 0.000052
27110 13312 0.000059
27110 13312 0.000064
27118 13312 0.000052
27119 13312 0.000051
27101 13312 0.000052
27112 13312 0.000053
27112 13312 0.000075
27107 13312 0.000066
27122 13312 0.000052
27122 13312 0.000052

59342 29184 0.000117
59346 29184 0.000132
59362 29184 0.000122
59359 29184 0.000114
59347 29184 0.000114
59323 29184 0.000115
59366 29184 0.000114
59341 29184 0.000143
59365 29184 0.000115
59373 29184 0.000114
59336 29184 0.000114
59361 29184 0.000114
59360 29184 0.000120
59370 29184 0.000114
59336 29184 0.000114
59354 29184 0.000114
59351 29184 0.000115
59353 29184 0.000114
59343 29184 0.000114
59347 29184 0.000118
59353 29184 0.000114
59351 29184 0.000114
59322 29184 0.000116
59365 29184 0.000114
59344 29184 0.000115
59373 29184 0.000123
59347 29184 0.000115
59356 29184 0.000114
59351 29184 0.000115
59376 29184 0.000126
59358 29184 0.000114
59360 29184 0.000114
59322 29184 0.000115
59346 29184 0.000119
59355 29184 0.000114
59362 29184 0.000114
59347 29184 0.000119
59353 29184 0.000115
59363 29184 0.000114
59351 29184 0.000115
59353 29184 0.000114
59352 29184 0.000118
59344 29184 0.000114
59371 29184 0.000133
59361 29184 0.000115
59365 29184 0.000114
59349 29184 0.000114
59364 29184 0.000114
59347 29184 0.000150
59338 29184 0.000137
59356 29184 0.000142
59346 29184 0.000116
59352 29184 0.000125
59348 29184 0.000114
59340 29184 0.000114
59344 29184 0.000125
59352 29184 0.000115
59343 29184 0.000114
59353 29184 0.000114
59362 29184 0.000115
59349 29184 0.000114
59340 29184 0.000114
59334 29184 0.000120
59342 29184 0.000121
59352 29184 0.000115
59349 29184 0.000114
59347 29184 0.000114
59352 29184 0.000114
59365 29184 0.000147
59356 29184 0.000119
59340 29184 0.000119
59366 29184 0.000114
59346 29184 0.000114
59348 29184 0.000114
59353 29184 0.000114
59359 29184 0.000115
59346 29184 0.000114
59360 29184 0.000145
59347 29184 0.000137
59357 29184 0.000125
59350 29184 0.000114
59371 29184 0.000114
59338 29184 0.000115
59336 29184 0.000128
59336 29184 0.000115
59350 29184 0.000114
59337 29184 0.000114
59353 29184 0.000115
59350 29184 0.000117
59352 29184 0.000114
59352 29184 0.000122
59359 29184 0.000119
59351 29184 0.000115
59345 29184 0.000114
59360 29184 0.000114
59349 29184 0.000154
59352 29184 0.000129
59348 29184 0.000140
59344 29184 0.000120
59340 29184 0.000115

128939 63488 0.000276
128926 63488 0.000267
128938 63488 0.000267
128925 63488 0.000273
128946 63488 0.000262
128926 63488 0.000258
128960 63488 0.000250
128933 63488 0.000269
128942 63488 0.000250
128932 63488 0.000250
128922 63488 0.000249
128935 63488 0.000258
128955 63488 0.000256
128922 63488 0.000249
128937 63488 0.000255
128949 63488 0.000261
128955 63488 0.000253
128955 63488 0.000270
128960 63488 0.000250
128935 63488 0.000267
128961 63488 0.000262
128926 63488 0.000252
128941 63488 0.000255
128962 63488 0.000258
128933 63488 0.000251
128947 63488 0.000249
128964 63488 0.000253
128942 63488 0.000280
128957 63488 0.000261
128946 63488 0.000263
128953 63488 0.000267
128939 63488 0.000250
128945 63488 0.000254
128935 63488 0.000272
128913 63488 0.000251
128949 63488 0.000255
128931 63488 0.000295
128950 63488 0.000250
128954 63488 0.000251
128949 63488 0.000259
128932 63488 0.000249
128931 63488 0.000251
128935 63488 0.000258
128929 63488 0.000250
128931 63488 0.000250
128943 63488 0.000253
128953 63488 0.000257
128931 63488 0.000251
128948 63488 0.000250
128931 63488 0.000270
128933 63488 0.000250
128961 63488 0.000271
128944 63488 0.000283
128910 63488 0.000258
128940 63488 0.000249
128927 63488 0.000252
128938 63488 0.000254
128946 63488 0.000250
128969 63488 0.000253
128966 63488 0.000256
128942 63488 0.000250
128942 63488 0.000259
128943 63488 0.000254
128977 63488 0.000250
128939 63488 0.000250
128933 63488 0.000268
128942 63488 0.000263
128938 63488 0.000251
128940 63488 0.000262
128954 63488 0.000255
128939 63488 0.000253
128962 63488 0.000259
128930 63488 0.000250
128953 63488 0.000255
128938 63488 0.000253
128941 63488 0.000251
128940 63488 0.000255
128937 63488 0.000249
128932 63488 0.000256
128967 63488 0.000266
128954 63488 0.000253
128930 63488 0.000265
128960 63488 0.000249
128953 63488 0.000255
128959 63488 0.000273
128939 63488 0.000251
128948 63488 0.000256
128940 63488 0.000262
128940 63488 0.000252
128946 63488 0.000251
128939 63488 0.000268
128937 63488 0.000270
128941 63488 0.000250
128946 63488 0.000256
128920 63488 0.000251
128945 63488 0.000251
128926 63488 0.000254
128956 63488 0.000264
128942 63488 0.000250
128920 63488 0.000291

278382 137216 0.000559
278377 137216 0.000568
278356 137216 0.000555
278359 137216 0.000547
278335 137216 0.000567
278356 137216 0.000544
278378 137216 0.000560
278362 137216 0.000624
278361 137216 0.000572
278320 137216 0.000552
278354 137216 0.000560
278374 137216 0.000583
278357 137216 0.000549
278369 137216 0.000579
278390 137216 0.000558
278373 137216 0.000553
278405 137216 0.000558
278365 137216 0.000575
278329 137216 0.000548
278380 137216 0.000722
278342 137216 0.000619
278375 137216 0.000559
278362 137216 0.000559
278359 137216 0.000595
278358 137216 0.000579
278365 137216 0.000576
278371 137216 0.000556
278360 137216 0.000557
278325 137216 0.000543
278365 137216 0.000560
278371 137216 0.000564
278390 137216 0.000558
278381 137216 0.000565
278368 137216 0.000575
278357 137216 0.000560
278386 137216 0.000561
278370 137216 0.000549
278351 137216 0.000564
278357 137216 0.000584
278357 137216 0.000581
278350 137216 0.000562
278367 137216 0.000551
278371 137216 0.000577
278382 137216 0.000560
278371 137216 0.000580
278348 137216 0.000564
278353 137216 0.000562
278371 137216 0.000559
278330 137216 0.000562
278376 137216 0.000588
278374 137216 0.000543
278350 137216 0.000569
278357 137216 0.000568
278372 137216 0.000550
278379 137216 0.000571
278372 137216 0.000575
278325 137216 0.000545
278329 137216 0.000573
278356 137216 0.000564
278355 137216 0.000573
278359 137216 0.000577
278352 137216 0.000568
278327 137216 0.000560
278370 137216 0.000561
278353 137216 0.000558
278364 137216 0.000550
278346 137216 0.000571
278370 137216 0.000561
278376 137216 0.000554
278370 137216 0.000553
278367 137216 0.000573
278350 137216 0.000551
278380 137216 0.000562
278350 137216 0.000554
278367 137216 0.000640
278358 137216 0.000545
278389 137216 0.000547
278368 137216 0.000562
278391 137216 0.000560
278373 137216 0.000564
278378 137216 0.000592
278356 137216 0.000574
278332 137216 0.000572
278408 137216 0.000563
278358 137216 0.000590
278357 137216 0.000551
278339 137216 0.000559
278374 137216 0.000545
278379 137216 0.000592
278384 137216 0.000579
278356 137216 0.000551
278358 137216 0.000551
278376 137216 0.000750
278355 137216 0.000564
278359 137216 0.000549
278387 137216 0.000568
278375 137216 0.000563
278376 137216 0.000554
278348 137216 0.000561
278353 137216 0.000587

597657 294912 0.001222
597684 294912 0.001266
597662 294912 0.001192
597662 294912 0.001260
597703 294912 0.001203
597662 294912 0.001207
597706 294912 0.001230
597694 294912 0.001207
597673 294912 0.001223
597707 294912 0.001188
597688 294912 0.001205
597696 294912 0.001204
597697 294912 0.001227
597679 294912 0.001218
597696 294912 0.001201
597652 294912 0.001203
597698 294912 0.001192
597713 294912 0.001265
597683 294912 0.001196
597667 294912 0.001222
597688 294912 0.001254
597696 294912 0.001194
597655 294912 0.001195
597710 294912 0.001216
597671 294912 0.001205
597716 294912 0.001210
597696 294912 0.001213
597683 294912 0.001233
597668 294912 0.001207
597649 294912 0.001206
597666 294912 0.001204
597648 294912 0.001215
597713 294912 0.001222
597703 294912 0.001248
597674 294912 0.001239
597672 294912 0.001182
597716 294912 0.001207
597691 294912 0.001197
597731 294912 0.001197
597695 294912 0.001210
597697 294912 0.001214
597665 294912 0.001206
597672 294912 0.001223
597687 294912 0.001213
597657 294912 0.001196
597641 294912 0.001222
597661 294912 0.001190
597672 294912 0.001257
597681 294912 0.001218
597665 294912 0.001206
597700 294912 0.001237
597667 294912 0.001205
597663 294912 0.001190
597692 294912 0.001226
597668 294912 0.001198
597681 294912 0.001214
597668 294912 0.001217
597704 294912 0.001225
597677 294912 0.001219
597667 294912 0.001209
597679 294912 0.001207
597666 294912 0.001206
597661 294912 0.001212
597650 294912 0.001220
597705 294912 0.001311
597696 294912 0.001235
597730 294912 0.001270
597713 294912 0.001230
597678 294912 0.001230
597717 294912 0.001228
597658 294912 0.001255
597650 294912 0.001202
597678 294912 0.001196
597711 294912 0.001239
597671 294912 0.001211
597675 294912 0.001257
597676 294912 0.001197
597694 294912 0.001230
597643 294912 0.001242
597685 294912 0.001315
597708 294912 0.001222
597698 294912 0.001268
597681 294912 0.001407
597738 294912 0.001217
597669 294912 0.001219
597648 294912 0.001202
597690 294912 0.001211
597647 294912 0.001235
597697 294912 0.001205
597711 294912 0.001253
597700 294912 0.001187
597656 294912 0.001259
597668 294912 0.001206
597685 294912 0.001201
597647 294912 0.001204
597704 294912 0.001207
597710 294912 0.001231
597688 294912 0.001209
597674 294912 0.001235
597696 294912 0.001228

1277288 630784 0.002625
1277336 630784 0.002625
1277280 630784 0.002612
1277313 630784 0.002584
1277253 630784 0.002645
1277343 630784 0.002586
1277328 630784 0.002659
1277315 630784 0.002614
1277270 630784 0.002593
1277267 630784 0.002700
1277352 630784 0.002669
1277362 630784 0.002576
1277338 630784 0.002605
1277309 630784 0.002592
1277230 630784 0.002613
1277281 630784 0.002596
1277303 630784 0.002604
1277273 630784 0.002585
1277326 630784 0.002588
1277267 630784 0.002625
1277313 630784 0.002555
1277326 630784 0.002623
1277303 630784 0.002595
1277296 630784 0.002597
1277283 630784 0.002608
1277289 630784 0.002617
1277275 630784 0.002646
1277279 630784 0.002617
1277267 630784 0.002606
1277272 630784 0.002604
1277338 630784 0.002597
1277270 630784 0.002613
1277281 630784 0.002794
1277292 630784 0.002594
1277265 630784 0.002627
1277269 630784 0.002749
1277305 630784 0.002602
1277301 630784 0.002606
1277324 630784 0.002600
1277311 630784 0.002623
1277293 630784 0.002623
1277255 630784 0.002585
1277269 630784 0.002573
1277331 630784 0.002591
1277291 630784 0.002573
1277247 630784 0.002687
1277295 630784 0.002586
1277300 630784 0.002565
1277294 630784 0.002608
1277344 630784 0.002594
1277246 630784 0.002631
1277366 630784 0.002574
1277273 630784 0.002625
1277269 630784 0.002628
1277378 630784 0.002576
1277313 630784 0.002651
1277218 630784 0.002598
1277330 630784 0.002583
1277302 630784 0.002584
1277337 630784 0.002601
1277352 630784 0.002612
1277312 630784 0.002616
1277253 630784 0.002596
1277258 630784 0.002711
1277301 630784 0.002602
1277275 630784 0.002670
1277227 630784 0.002659
1277301 630784 0.002560
1277349 630784 0.002618
1277284 630784 0.002634
1277343 630784 0.002604
1277297 630784 0.002671
1277264 630784 0.002673
1277274 630784 0.002821
1277306 630784 0.002594
1277334 630784 0.002821
1277364 630784 0.002625
1277316 630784 0.002606
1277313 630784 0.002592
1277264 630784 0.002616
1277301 630784 0.002622
1277313 630784 0.002779
1277247 630784 0.002642
1277277 630784 0.002607
1277331 630784 0.002698
1277275 630784 0.002696
1277297 630784 0.002587
1277301 630784 0.002583
1277301 630784 0.002582
1277273 630784 0.002588
1277297 630784 0.002607
1277248 630784 0.002660
1277294 630784 0.002650
1277288 630784 0.002648
1277328 630784 0.002570
1277329 630784 0.002627
1277329 630784 0.002715
1277277 630784 0.002606
1277292 630784 0.002573
1277292 630784 0.002622