144 88 0.000002
141 88 0.000001
143 88 0.000001
143 88 0.000001
137 88 0.000001
120 88 0.000014
142 88 0.000001
143 88 0.000001
132 88 0.000001
133 88 0.000001
143 88 0.000001
134 88 0.000001
139 88 0.000000
141 88 0.000001
137 88 0.000001
136 88 0.000000
132 88 0.000001
134 88 0.000000
125 88 0.000001
137 88 0.000001
135 88 0.000001
133 88 0.000001
136 88 0.000001
141 88 0.000001
131 88 0.000001
138 88 0.000001
144 88 0.000001
133 88 0.000001
138 88 0.000001
147 88 0.000000
150 88 0.000001
126 88 0.000001
149 88 0.000001
142 88 0.000001
138 88 0.000001
144 88 0.000001
142 88 0.000000
131 88 0.000001
144 88 0.000001
137 88 0.000001
135 88 0.000001
139 88 0.000001
141 88 0.000007
139 88 0.000001
140 88 0.000001
148 88 0.000001
140 88 0.000001
138 88 0.000000
139 88 0.000001
143 88 0.000000
135 88 0.000001
147 88 0.000000
134 88 0.000001
136 88 0.000000
137 88 0.000001
141 88 0.000001
149 88 0.000001
149 88 0.000001
143 88 0.000001
142 88 0.000001
142 88 0.000001
146 88 0.000001
136 88 0.000000
138 88 0.000001
137 88 0.000000
145 88 0.000001
135 88 0.000000
136 88 0.000001
129 88 0.000000
135 88 0.000001
143 88 0.000000
141 88 0.000001
141 88 0.000001
137 88 0.000001
140 88 0.000001
139 88 0.000001
140 88 0.000001
130 88 0.000001
140 88 0.000001
139 88 0.000001
142 88 0.000001
137 88 0.000000
135 88 0.000001
145 88 0.000001
142 88 0.000001
145 88 0.000001
132 88 0.000001
148 88 0.000001
144 88 0.000001
143 88 0.000001
120 88 0.000000
134 88 0.000001
145 88 0.000000
138 88 0.000001
140 88 0.000000
131 88 0.000001
142 88 0.000000
140 88 0.000001
141 88 0.000001
143 88 0.000001

350 216 0.000002
336 216 0.000001
362 216 0.000002
326 216 0.000002
347 216 0.000001
341 216 0.000002
337 216 0.000002
328 216 0.000001
344 216 0.000002
326 216 0.000002
341 216 0.000001
346 216 0.000002
340 216 0.000002
331 216 0.000002
336 216 0.000002
316 216 0.000002
342 216 0.000002
343 216 0.000002
336 216 0.000001
330 216 0.000002
333 216 0.000002
330 216 0.000003
340 216 0.000002
341 216 0.000002
342 216 0.000002
347 216 0.000001
336 216 0.000002
336 216 0.000002
333 216 0.000002
338 216 0.000003
338 216 0.000003
337 216 0.000003
338 216 0.000002
334 216 0.000002
334 216 0.000002
351 216 0.000003
334 216 0.000003
337 216 0.000003
314 216 0.000002
341 216 0.000001
337 216 0.000002
345 216 0.000002
341 216 0.000001
341 216 0.000002
334 216 0.000001
330 216 0.000002
328 216 0.000002
325 216 0.000001
337 216 0.000002
330 216 0.000002
332 216 0.000001
344 216 0.000002
345 216 0.000005
328 216 0.000002
341 216 0.000002
331 216 0.000002
350 216 0.000002
339 216 0.000001
335 216 0.000011
339 216 0.000002
342 216 0.000002
340 216 0.000002
343 216 0.000002
332 216 0.000001
323 216 0.000007
342 216 0.000002
339 216 0.000001
353 216 0.000002
337 216 0.000002
355 216 0.000001
354 216 0.000002
346 216 0.000002
341 216 0.000002
335 216 0.000002
323 216 0.000001
340 216 0.000002
331 216 0.000002
349 216 0.000001
360 216 0.000002
345 216 0.000002
349 216 0.000001
341 216 0.000002
330 216 0.000001
329 216 0.000002
362 216 0.000002
341 216 0.000001
341 216 0.000002
346 216 0.000001
332 216 0.000002
341 216 0.000002
349 216 0.000001
326 216 0.000002
321 216 0.000002
336 216 0.000001
331 216 0.000002
332 216 0.000002
341 216 0.000022
329 216 0.000002
321 216 0.000001
350 216 0.000002

798 512 0.000004
804 512 0.000003
782 512 0.000004
791 512 0.000004
800 512 0.000004
807 512 0.000004
789 512 0.000004
785 512 0.000004
790 512 0.000004
822 512 0.000003
802 512 0.000004
794 512 0.000004
783 512 0.000004
804 512 0.000004
799 512 0.000004
807 512 0.000004
785 512 0.000004
790 512 0.000004
795 512 0.000004
818 512 0.000004
814 512 0.000004
805 512 0.000004
791 512 0.000004
803 512 0.000004
791 512 0.000004
786 512 0.000004
796 512 0.000004
799 512 0.000004
801 512 0.000003
791 512 0.000004
788 512 0.000004
815 512 0.000004
792 512 0.000004
794 512 0.000004
816 512 0.000004
781 512 0.000003
815 512 0.000004
810 512 0.000004
791 512 0.000004
791 512 0.000004
804 512 0.000004
787 512 0.000004
775 512 0.000020
802 512 0.000004
810 512 0.000003
800 512 0.000004
787 512 0.000005
815 512 0.000004
812 512 0.000003
802 512 0.000003
796 512 0.000003
779 512 0.000004
798 512 0.000004
786 512 0.000004
795 512 0.000004
768 512 0.000004
778 512 0.000004
786 512 0.000004
815 512 0.000003
789 512 0.000003
794 512 0.000004
782 512 0.000004
802 512 0.000004
829 512 0.000004
800 512 0.000004
783 512 0.000004
801 512 0.000004
790 512 0.000004
799 512 0.000004
818 512 0.000004
798 512 0.000004
799 512 0.000004
789 512 0.000004
784 512 0.000003
797 512 0.000003
796 512 0.000004
784 512 0.000004
780 512 0.000004
820 512 0.000004
770 512 0.000004
795 512 0.000004
788 512 0.000004
780 512 0.000004
783 512 0.000003
807 512 0.000003
797 512 0.000003
805 512 0.000004
787 512 0.000004
791 512 0.000004
803 512 0.000004
780 512 0.000004
772 512 0.000004
796 512 0.000004
784 512 0.000004
797 512 0.000004
792 512 0.000004
793 512 0.000004
789 512 0.000004
781 512 0.000003
807 512 0.000004

1841 1184 0.000009
1818 1184 0.000016
1799 1184 0.000008
1828 1184 0.000009
1822 1184 0.000009
1777 1184 0.000009
1815 1184 0.000009
1840 1184 0.000008
1813 1184 0.000009
1810 1184 0.000009
1816 1184 0.000009
1864 1184 0.000010
1791 1184 0.000018
1829 1184 0.000008
1817 1184 0.000009
1843 1184 0.000009
1847 1184 0.000009
1836 1184 0.000008
1834 1184 0.000009
1819 1184 0.000009
1824 1184 0.000009
1828 1184 0.000009
1799 1184 0.000018
1831 1184 0.000009
1816 1184 0.000008
1811 1184 0.000009
1836 1184 0.000009
1796 1184 0.000008
1852 1184 0.000009
1840 1184 0.000009
1831 1184 0.000009
1800 1184 0.000009
1819 1184 0.000008
1814 1184 0.000010
1814 1184 0.000011
1835 1184 0.000009
1843 1184 0.000009
1806 1184 0.000008
1819 1184 0.000009
1848 1184 0.000009
1835 1184 0.000009
1822 1184 0.000009
1836 1184 0.000008
1819 1184 0.000009
1827 1184 0.000009
1846 1184 0.000009
1853 1184 0.000009
1784 1184 0.000008
1834 1184 0.000009
1846 1184 0.000009
1828 1184 0.000009
1841 1184 0.000008
1822 1184 0.000009
1858 1184 0.000009
1865 1184 0.000022
1841 1184 0.000011
1810 1184 0.000009
1846 1184 0.000017
1849 1184 0.000010
1817 1184 0.000011
1806 1184 0.000009
1815 1184 0.000009
1859 1184 0.000009
1836 1184 0.000008
1841 1184 0.000009
1830 1184 0.000009
1826 1184 0.000009
1835 1184 0.000008
1857 1184 0.000044
1807 1184 0.000009
1831 1184 0.000010
1806 1184 0.000009
1792 1184 0.000009
1865 1184 0.000019
1816 1184 0.000010
1820 1184 0.000008
1854 1184 0.000014
1833 1184 0.000009
1860 1184 0.000009
1810 1184 0.000010
1815 1184 0.000009
1829 1184 0.000008
1850 1184 0.000009
1844 1184 0.000009
1795 1184 0.000010
1822 1184 0.000009
1845 1184 0.000009
1853 1184 0.000014
1844 1184 0.000008
1833 1184 0.000009
1841 1184 0.000009
1837 1184 0.000009
1807 1184 0.000008
1787 1184 0.000009
1864 1184 0.000010
1822 1184 0.000017
1815 1184 0.000008
1833 1184 0.000008
1844 1184 0.000008
1823 1184 0.000009

4155 2688 0.000019
4115 2688 0.000019
4125 2688 0.000019
4164 2688 0.000019
4157 2688 0.000020
4145 2688 0.000019
4147 2688 0.000020
4163 2688 0.000020
4141 2688 0.000020
4153 2688 0.000019
4110 2688 0.000019
4137 2688 0.000019
4092 2688 0.000019
4123 2688 0.000020
4143 2688 0.000020
4118 2688 0.000020
4177 2688 0.000035
4146 2688 0.000019
4127 2688 0.000019
4160 2688 0.000028
4169 2688 0.000025
4122 2688 0.000019
4135 2688 0.000019
4104 2688 0.000020
4128 2688 0.000020
4134 2688 0.000020
4102 2688 0.000020
4092 2688 0.000019
4122 2688 0.000019
4122 2688 0.000029
4146 2688 0.000020
4117 2688 0.000020
4135 2688 0.000020
4158 2688 0.000027
4153 2688 0.000019
4108 2688 0.000019
4112 2688 0.000025
4162 2688 0.000020
4166 2688 0.000029
4143 2688 0.000020
4096 2688 0.000020
4109 2688 0.000019
4136 2688 0.000028
4143 2688 0.000020
4097 2688 0.000019
4200 2688 0.000019
4110 2688 0.000019
4120 2688 0.000027
4081 2688 0.000019
4145 2688 0.000020
4119 2688 0.000020
4154 2688 0.000029
4118 2688 0.000019
4149 2688 0.000020
4150 2688 0.000020
4134 2688 0.000019
4164 2688 0.000020
4133 2688 0.000020
4151 2688 0.000019
4186 2688 0.000019
4121 2688 0.000020
4131 2688 0.000020
4172 2688 0.000019
4089 2688 0.000022
4079 2688 0.000020
4141 2688 0.000020
4159 2688 0.000020
4132 2688 0.000022
4100 2688 0.000023
4090 2688 0.000027
4072 2688 0.000020
4156 2688 0.000028
4171 2688 0.000019
4112 2688 0.000025
4128 2688 0.000020
4134 2688 0.000020
4120 2688 0.000032
4131 2688 0.000027
4193 2688 0.000020
4149 2688 0.000024
4128 2688 0.000020
4154 2688 0.000019
4147 2688 0.000020
4133 2688 0.000020
4122 2688 0.000020
4113 2688 0.000019
4167 2688 0.000020
4141 2688 0.000046
4086 2688 0.000019
4088 2688 0.000019
4194 2688 0.000020
4150 2688 0.000034
4129 2688 0.000020
4192 2688 0.000026
4155 2688 0.000024
4134 2688 0.000022
4108 2688 0.000020
4144 2688 0.000025
4145 2688 0.000020
4131 2688 0.000019

9260 6016 0.000044
9221 6016 0.000044
9214 6016 0.000044
9195 6016 0.000045
9204 6016 0.000056
9218 6016 0.000054
9208 6016 0.000052
9191 6016 0.000061
9228 6016 0.000042
9238 6016 0.000065
9203 6016 0.000043
9256 6016 0.000046
9280 6016 0.000049
9268 6016 0.000051
9264 6016 0.000051
9208 6016 0.000055
9219 6016 0.000048
9263 6016 0.000048
9247 6016 0.000048
9301 6016 0.000057
9212 6016 0.000045
9229 6016 0.000043
9262 6016 0.000043
9220 6016 0.000053
9258 6016 0.000044
9239 6016 0.000043
9190 6016 0.000050
9324 6016 0.000059
9243 6016 0.000044
9230 6016 0.000043
9158 6016 0.000043
9231 6016 0.000044
9211 6016 0.000050
9219 6016 0.000065
9255 6016 0.000043
9234 6016 0.000043
9221 6016 0.000050
9267 6016 0.000052
9141 6016 0.000047
9237 6016 0.000043
9173 6016 0.000044
9214 6016 0.000044
9229 6016 0.000043
9241 6016 0.000043
9183 6016 0.000048
9232 6016 0.000051
9171 6016 0.000050
9253 6016 0.000067
9231 6016 0.000059
9245 6016 0.000044
9310 6016 0.000045
9201 6016 0.000052
9258 6016 0.000043
9238 6016 0.000047
9207 6016 0.000048
9224 6016 0.000051
9229 6016 0.000053
9242 6016 0.000048
9206 6016 0.000045
9199 6016 0.000050
9252 6016 0.000043
9162 6016 0.000058
9175 6016 0.000048
9243 6016 0.000043
9203 6016 0.000054
9209 6016 0.000044
9205 6016 0.000057
9216 6016 0.000043
9237 6016 0.000052
9255 6016 0.000044
9186 6016 0.000043
9186 6016 0.000043
9170 6016 0.000058
9219 6016 0.000043
9210 6016 0.000054
9230 6016 0.000043
9237 6016 0.000043
9260 6016 0.000044
9232 6016 0.000044
9211 6016 0.000043
9282 6016 0.000048
9258 6016 0.000043
9261 6016 0.000048
9251 6016 0.000043
9206 6016 0.000049
9254 6016 0.000059
9253 6016 0.000050
9195 6016 0.000042
9256 6016 0.000044
9273 6016 0.000044
9225 6016 0.000046
9215 6016 0.000043
9213 6016 0.000061
9216 6016 0.000043
9276 6016 0.000051
9163 6016 0.000043
9264 6016 0.000043
9272 6016 0.000043
9228 6016 0.000042
9202 6016 0.000043

20463 13312 0.000101
20407 13312 0.000105
20403 13312 0.000100
20429 13312 0.000094
20311 13312 0.000101
20461 13312 0.000097
20409 13312 0.000098
20351 13312 0.000122
20358 13312 0.000106
20357 13312 0.000109
20352 13312 0.000097
20295 13312 0.000099
20235 13312 0.000121
20407 13312 0.000116
20450 13312 0.000119
20467 13312 0.000120
20242 13312 0.000110
20338 13312 0.000099
20482 13312 0.000094
20293 13312 0.000093
20335 13312 0.000104
20391 13312 0.000093
20432 13312 0.000102
20375 13312 0.000101
20326 13312 0.000105
20426 13312 0.000118
20376 13312 0.000122
20428 13312 0.000094
20354 13312 0.000101
20353 13312 0.000103
20340 13312 0.000100
20376 13312 0.000097
20395 13312 0.000101
20372 13312 0.000093
20437 13312 0.000101
20340 13312 0.000099
20399 13312 0.000094
20375 13312 0.000106
20307 13312 0.000097
20416 13312 0.000100
20411 13312 0.000120
20410 13312 0.000110
20329 13312 0.000122
20341 13312 0.000108
20339 13312 0.000098
20355 13312 0.000102
20292 13312 0.000104
20344 13312 0.000095
20301 13312 0.000119
20306 13312 0.000099
20372 13312 0.000113
20413 13312 0.000094
20391 13312 0.000098
20349 13312 0.000106
20377 13312 0.000121
20304 13312 0.000099
20356 13312 0.000110
20388 13312 0.000094
20389 13312 0.000135
20281 13312 0.000112
20424 13312 0.000133
20382 13312 0.000102
20403 13312 0.000120
20468 13312 0.000100
20277 13312 0.000102
20365 13312 0.000094
20352 13312 0.000098
20470 13312 0.000108
20347 13312 0.000111
20368 13312 0.000112
20402 13312 0.000104
20325 13312 0.000127
20466 13312 0.000102
20324 13312 0.000107
20312 13312 0.000103
20431 13312 0.000099
20364 13312 0.000093
20270 13312 0.000094
20414 13312 0.000092
20349 13312 0.000092
20330 13312 0.000106
20390 13312 0.000128
20428 13312 0.000106
20444 13312 0.000093
20277 13312 0.000094
20491 13312 0.000098
20325 13312 0.000092
20402 13312 0.000101
20310 13312 0.000104
20417 13312 0.000107
20420 13312 0.000117
20414 13312 0.000101
20408 13312 0.000095
20424 13312 0.000094
20413 13312 0.000095
20355 13312 0.000099
20421 13312 0.000093
20267 13312 0.000108
20471 13312 0.000093
20491 13312 0.000098

44567 29184 0.000213
44719 29184 0.000197
44581 29184 0.000208
44548 29184 0.000233
44507 29184 0.000239
44536 29184 0.000216
44563 29184 0.000216
44652 29184 0.000229
44510 29184 0.000206
44598 29184 0.000218
44645 29184 0.000216
44558 29184 0.000207
44741 29184 0.000220
44526 29184 0.000225
44684 29184 0.000204
44557 29184 0.000207
44453 29184 0.000230
44596 29184 0.000227
44609 29184 0.000227
44588 29184 0.000201
44578 29184 0.000219
44513 29184 0.000266
44584 29184 0.000242
44570 29184 0.000257
44510 29184 0.000219
44575 29184 0.000248
44527 29184 0.000217
44633 29184 0.000205
44562 29184 0.000236
44555 29184 0.000228
44604 29184 0.000225
44634 29184 0.000231
44590 29184 0.000258
44549 29184 0.000222
44438 29184 0.000229
44614 29184 0.000250
44612 29184 0.000244
44422 29184 0.000224
44414 29184 0.000223
44615 29184 0.000214
44687 29184 0.000238
44688 29184 0.000232
44592 29184 0.000220
44483 29184 0.000228
44552 29184 0.000212
44569 29184 0.000208
44626 29184 0.000227
44532 29184 0.000206
44505 29184 0.000207
44615 29184 0.000230
44634 29184 0.000217
44594 29184 0.000202
44590 29184 0.000226
44510 29184 0.000223
44474 29184 0.000220
44472 29184 0.000227
44528 29184 0.000205
44538 29184 0.000219
44508 29184 0.000239
44630 29184 0.000202
44500 29184 0.000228
44589 29184 0.000249
44522 29184 0.000217
44630 29184 0.000216
44496 29184 0.000213
44687 29184 0.000217
44534 29184 0.000203
44601 29184 0.000206
44674 29184 0.000217
44597 29184 0.000230
44499 29184 0.000231
44715 29184 0.000217
44434 29184 0.000202
44608 29184 0.000242
44520 29184 0.000255
44575 29184 0.000210
44573 29184 0.000215
44635 29184 0.000202
44547 29184 0.000304
44538 29184 0.000224
44519 29184 0.000218
44514 29184 0.000239
44569 29184 0.000238
44526 29184 0.000213
44463 29184 0.000206
44425 29184 0.000208
44611 29184 0.000248
44622 29184 0.000271
44671 29184 0.000218
44548 29184 0.000232
44578 29184 0.000269
44582 29184 0.000232
44522 29184 0.000251
44606 29184 0.000218
44518 29184 0.000261
44517 29184 0.000220
44626 29184 0.000203
44579 29184 0.000389
44562 29184 0.000324
44582 29184 0.000294

96721 63488 0.000549
96703 63488 0.000504
96557 63488 0.000537
96788 63488 0.000505
96753 63488 0.000538
96825 63488 0.000605
96629 63488 0.000646
96719 63488 0.000521
96854 63488 0.000448
96896 63488 0.000458
96669 63488 0.000443
96813 63488 0.000436
96874 63488 0.000458
96792 63488 0.000501
96829 63488 0.000473
96635 63488 0.000453
96851 63488 0.000465
97035 63488 0.000494
96714 63488 0.000428
96704 63488 0.000429
96997 63488 0.000451
96781 63488 0.000476
96850 63488 0.000492
96919 63488 0.000450
96737 63488 0.000466
96894 63488 0.000465
96999 63488 0.000465
96761 63488 0.000506
96752 63488 0.000535
96798 63488 0.000490
96805 63488 0.000453
96814 63488 0.000478
96998 63488 0.000471
96768 63488 0.000502
96945 63488 0.000488
96680 63488 0.000465
96744 63488 0.000474
96730 63488 0.000537
96814 63488 0.000570
96880 63488 0.000481
96750 63488 0.000448
96735 63488 0.000572
96769 63488 0.000466
96870 63488 0.000546
96777 63488 0.001488
96874 63488 0.000492
96849 63488 0.000446
96951 63488 0.000438
96752 63488 0.000480
96705 63488 0.000466
96968 63488 0.000443
96656 63488 0.000477
96834 63488 0.000441
96578 63488 0.000442
96575 63488 0.000412
96742 63488 0.000428
96813 63488 0.000427
96703 63488 0.000441
96891 63488 0.000433
96971 63488 0.000438
96792 63488 0.000414
97042 63488 0.000449
96819 63488 0.000440
96787 63488 0.000420
96700 63488 0.000424
96768 63488 0.000422
96574 63488 0.000414
96697 63488 0.000415
96756 63488 0.000458
96829 63488 0.000597
96775 63488 0.000417
96807 63488 0.000413
96779 63488 0.000437
96719 63488 0.000414
96897 63488 0.000433
96842 63488 0.000414
96779 63488 0.000420
96787 63488 0.000427
96773 63488 0.000420
96845 63488 0.000412
96641 63488 0.000424
96699 63488 0.000435
96869 63488 0.000418
96856 63488 0.000421
96912 63488 0.000415
96871 63488 0.000448
96799 63488 0.000438
96947 63488 0.000452
96550 63488 0.000419
96905 63488 0.000428
96879 63488 0.000438
96724 63488 0.000440
96700 63488 0.000413
96792 63488 0.000414
96640 63488 0.000429
96747 63488 0.000499
96826 63488 0.000485
96899 63488 0.000438
96926 63488 0.000425
96827 63488 0.000448

208854 137216 0.000890
208938 137216 0.000930
208781 137216 0.000894
208646 137216 0.000871
208831 137216 0.000892
208894 137216 0.000885
208995 137216 0.000876
208994 137216 0.000872
209159 137216 0.001042
208835 137216 0.000955
208960 137216 0.000880
209043 137216 0.000873
208902 137216 0.000869
208850 137216 0.000870
208921 137216 0.000884
208931 137216 0.000893
209156 137216 0.000870
209070 137216 0.000880
208982 137216 0.000877
208889 137216 0.000869
208904 137216 0.000875
208928 137216 0.000868
208969 137216 0.000890
208791 137216 0.000870
209374 137216 0.000874
208740 137216 0.000875
208761 137216 0.000924
208848 137216 0.000878
208903 137216 0.000944
208872 137216 0.000890
208922 137216 0.000913
208630 137216 0.000875
209004 137216 0.000930
209027 137216 0.000875
208797 137216 0.000927
208946 137216 0.000871
208960 137216 0.000931
209140 137216 0.000888
208825 137216 0.001025
208938 137216 0.000921
208791 137216 0.000937
209071 137216 0.000875
208783 137216 0.000979
208898 137216 0.000889
208930 137216 0.000912
209072 137216 0.000883
208879 137216 0.000958
208787 137216 0.001211
208916 137216 0.000930
208930 137216 0.000930
208890 137216 0.000879
209035 137216 0.000902
208919 137216 0.000869
208811 137216 0.000910
208801 137216 0.000935
208817 137216 0.000909
208935 137216 0.000894
208851 137216 0.000925
208910 137216 0.000893
208801 137216 0.000904
209070 137216 0.000921
209142 137216 0.000887
209090 137216 0.000881
208989 137216 0.000926
208973 137216 0.000875
208708 137216 0.000887
208909 137216 0.000877
209013 137216 0.000905
208731 137216 0.000961
208635 137216 0.000916
208880 137216 0.000891
208775 137216 0.000966
208984 137216 0.000891
209104 137216 0.000882
208553 137216 0.000895
208852 137216 0.000915
209028 137216 0.000894
209136 137216 0.000961
208955 137216 0.000937
208785 137216 0.000900
208887 137216 0.000905
208858 137216 0.000919
208827 137216 0.000871
208920 137216 0.000924
209079 137216 0.000930
208944 137216 0.000876
208832 137216 0.000912
208954 137216 0.000935
208735 137216 0.000919
208916 137216 0.000916
208770 137216 0.000909
208632 137216 0.001154
208828 137216 0.000970
208796 137216 0.000913
208805 137216 0.000916
208864 137216 0.000939
208947 137216 0.000914
208758 137216 0.001069
208952 137216 0.000934
208864 137216 0.000978

448312 294912 0.001964
448054 294912 0.002045
448284 294912 0.002299
448184 294912 0.002361
448553 294912 0.002320
448477 294912 0.002344
448547 294912 0.002376
448301 294912 0.002308
448513 294912 0.001949
448699 294912 0.001978
447892 294912 0.001944
448472 294912 0.002048
448293 294912 0.002106
448533 294912 0.001837
448700 294912 0.001904
448345 294912 0.001907
448109 294912 0.001971
448662 294912 0.001961
448155 294912 0.001945
448452 294912 0.001919
448203 294912 0.001929
447648 294912 0.001881
448353 294912 0.001916
448340 294912 0.001837
448233 294912 0.001876
448033 294912 0.001851
448123 294912 0.001845
448652 294912 0.001912
448251 294912 0.001862
448342 294912 0.001909
448362 294912 0.001862
448258 294912 0.001903
448494 294912 0.001871
448402 294912 0.001878
448558 294912 0.001898
448518 294912 0.001891
448020 294912 0.002054
448370 294912 0.002105
448258 294912 0.001823
448362 294912 0.001844
448522 294912 0.001822
448620 294912 0.001860
448468 294912 0.001875
448314 294912 0.002123
448416 294912 0.002170
448512 294912 0.001882
448432 294912 0.001845
448233 294912 0.001902
448443 294912 0.001920
448178 294912 0.002005
448548 294912 0.001933
448864 294912 0.001855
448193 294912 0.001871
447915 294912 0.001897
448455 294912 0.001861
448255 294912 0.001902
448688 294912 0.001893
448517 294912 0.001910
448508 294912 0.002118
448040 294912 0.001920
448469 294912 0.001867
448332 294912 0.001853
448601 294912 0.001869
448287 294912 0.001874
447967 294912 0.001935
448714 294912 0.001921
448411 294912 0.001994
448138 294912 0.001863
448267 294912 0.002055
448610 294912 0.001997
448491 294912 0.001858
448552 294912 0.001837
448362 294912 0.001831
448072 294912 0.001861
448219 294912 0.002344
448224 294912 0.002054
448138 294912 0.001880
448076 294912 0.001830
448248 294912 0.001910
448482 294912 0.001827
448448 294912 0.001847
448699 294912 0.001962
448495 294912 0.001926
448160 294912 0.001939
448948 294912 0.001903
448725 294912 0.001926
448486 294912 0.001895
448727 294912 0.001953
448672 294912 0.001952
448560 294912 0.001893
448547 294912 0.001949
448206 294912 0.001962
448687 294912 0.001926
448311 294912 0.001929
448628 294912 0.002042
448622 294912 0.001988
448351 294912 0.001861
448402 294912 0.001823
448213 294912 0.001846
448172 294912 0.001832

958022 630784 0.005247
958706 630784 0.005127
957642 630784 0.004090
958047 630784 0.004019
957663 630784 0.004532
957831 630784 0.005094
958112 630784 0.003980
957843 630784 0.003837
958321 630784 0.004037
957811 630784 0.003899
958364 630784 0.003935
958373 630784 0.003989
957929 630784 0.004029
957592 630784 0.004144
958296 630784 0.003973
958537 630784 0.004233
958216 630784 0.004449
958131 630784 0.004233
957796 630784 0.003952
957971 630784 0.004300
958591 630784 0.003953
958072 630784 0.004033
957696 630784 0.004126
957714 630784 0.004091
957962 630784 0.003873
957728 630784 0.003923
958278 630784 0.003974
957413 630784 0.003887
958196 630784 0.003839
958166 630784 0.003831
958491 630784 0.003934
957870 630784 0.003932
957935 630784 0.004057
957908 630784 0.004199
958404 630784 0.004065
958148 630784 0.004268
958356 630784 0.004116
958331 630784 0.004130
957802 630784 0.004242
958360 630784 0.003910
957960 630784 0.004154
958287 630784 0.004030
957821 630784 0.004006
958267 630784 0.003877
957810 630784 0.004054
957326 630784 0.003955
957648 630784 0.004187
958521 630784 0.003996
957973 630784 0.004171
958158 630784 0.004040
957557 630784 0.004044
958175 630784 0.003990
958015 630784 0.003986
957629 630784 0.003946
957616 630784 0.003884
957482 630784 0.003993
958513 630784 0.003920
957915 630784 0.003976
958147 630784 0.004250
958177 630784 0.003889
958311 630784 0.003868
958488 630784 0.004137
957828 630784 0.004172
957704 630784 0.003896
958679 630784 0.003982
958103 630784 0.004154
957838 630784 0.004081
957929 630784 0.004225
958224 630784 0.004865
957385 630784 0.004329
958365 630784 0.004170
957752 630784 0.004058
958607 630784 0.003884
957702 630784 0.004176
957913 630784 0.004706
957856 630784 0.004053
957945 630784 0.004389
957826 630784 0.003850
957911 630784 0.004267
958662 630784 0.004066
958174 630784 0.004740
957980 630784 0.004864
958288 630784 0.004862
958520 630784 0.004889
958086 630784 0.004885
958354 630784 0.004881
957738 630784 0.004778
957766 630784 0.003866
957968 630784 0.003869
957777 630784 0.003867
958103 630784 0.003896
957968 630784 0.003930
958467 630784 0.004053
957894 630784 0.003923
957795 630784 0.004236
958209 630784 0.004059
957805 630784 0.003822
958106 630784 0.003916
958491 630784 0.003824
958366 630784 0.003856