84 72 0.000001
66 57 0.000001
64 49 0.000001
60 61 0.000000
79 69 0.000001
69 74 0.000001
60 60 0.000000
70 60 0.000001
66 46 0.000001
62 55 0.000001
63 61 0.000001
56 50 0.000001
68 62 0.000001
60 61 0.000000
71 58 0.000001
86 99 0.000001
75 58 0.000001
74 68 0.000001
81 84 0.000001
99 63 0.000001
71 58 0.000000
65 48 0.000001
58 59 0.000001
64 61 0.000001
79 79 0.000001
62 47 0.000001
64 54 0.000001
67 59 0.000001
70 71 0.000001
75 81 0.000001
61 49 0.000001
64 65 0.000001
60 54 0.000001
62 60 0.000001
88 66 0.000001
83 65 0.000001
78 56 0.000000
62 58 0.000001
79 51 0.000001
58 53 0.000001
66 62 0.000001
76 75 0.000000
80 82 0.000001
74 68 0.000001
80 45 0.000001
57 48 0.000001
76 54 0.000001
89 68 0.000000
61 46 0.000001
85 57 0.000001
74 58 0.000001
78 54 0.000001
73 66 0.000001
89 79 0.000001
61 53 0.000001
70 72 0.000001
71 64 0.000001
69 65 0.000001
61 63 0.000001
59 54 0.000001
77 64 0.000001
70 70 0.000001
73 46 0.000000
63 52 0.000001
67 47 0.000001
74 70 0.000001
67 61 0.000001
89 70 0.000000
80 62 0.000001
72 69 0.000001
67 65 0.000001
65 66 0.000001
67 62 0.000001
77 76 0.000001
74 74 0.000001
64 67 0.000001
65 56 0.000001
79 80 0.000001
62 58 0.000001
66 68 0.000001
66 67 0.000001
77 70 0.000001
95 65 0.000000
83 60 0.000001
83 60 0.000001
57 55 0.000001
69 60 0.000001
74 49 0.000000
77 69 0.000001
62 66 0.000001
70 66 0.000001
62 48 0.000001
87 77 0.000000
68 50 0.000001
87 90 0.000001
82 71 0.000001
79 54 0.000001
68 47 0.000001
61 62 0.000001
67 61 0.000001

181 145 0.000003
197 144 0.000002
196 195 0.000002
193 180 0.000002
190 137 0.000002
191 141 0.000002
163 134 0.000002
189 147 0.000001
210 161 0.000001
195 137 0.000001
186 139 0.000001
189 167 0.000001
189 128 0.000001
196 138 0.000002
184 142 0.000002
226 173 0.000002
167 118 0.000002
204 187 0.000002
214 148 0.000002
238 173 0.000002
188 141 0.000002
180 162 0.000002
208 137 0.000002
172 131 0.000002
199 157 0.000001
165 122 0.000001
217 145 0.000002
204 150 0.000002
189 130 0.000001
183 142 0.000001
184 162 0.000002
197 134 0.000002
207 151 0.000002
222 174 0.000001
199 149 0.000001
188 140 0.000002
208 159 0.000002
199 133 0.000002
196 136 0.000001
155 127 0.000001
176 134 0.000002
178 119 0.000002
189 168 0.000002
240 171 0.000002
214 154 0.000002
177 125 0.000001
168 123 0.000001
212 138 0.000002
188 148 0.000002
170 143 0.000002
185 140 0.000002
159 124 0.000001
209 195 0.000002
203 164 0.000002
177 153 0.000002
186 143 0.000002
197 148 0.000001
185 133 0.000001
162 156 0.000002
170 136 0.000002
194 170 0.000002
181 127 0.000001
208 150 0.000002
207 135 0.000001
205 195 0.000002
198 128 0.000002
182 170 0.000002
188 115 0.000001
156 130 0.000001
175 168 0.000002
160 141 0.000002
189 110 0.000001
179 146 0.000001
200 162 0.000002
187 137 0.000002
181 160 0.000002
188 167 0.000001
246 185 0.000002
169 129 0.000002
170 137 0.000002
174 151 0.000001
195 121 0.000001
230 156 0.000002
209 152 0.000002
167 130 0.000001
166 125 0.000001
172 146 0.000002
175 147 0.000002
209 195 0.000002
263 221 0.000002
189 156 0.000002
173 141 0.000001
230 173 0.000001
214 172 0.000002
202 173 0.000002
167 130 0.000002
171 148 0.000001
208 174 0.000001
211 176 0.000001
175 149 0.000001

463 333 0.000005
422 289 0.000003
453 339 0.000004
449 297 0.000004
479 328 0.000003
475 304 0.000004
483 382 0.000003
491 262 0.000004
572 346 0.000004
494 383 0.000003
568 357 0.000004
416 322 0.000003
507 329 0.000003
548 408 0.000003
490 335 0.000004
417 351 0.000004
447 371 0.000004
520 325 0.000003
443 302 0.000003
470 258 0.000003
487 407 0.000003
450 337 0.000003
541 311 0.000003
448 361 0.000004
488 384 0.000004
454 368 0.000004
555 400 0.000003
666 493 0.000003
412 307 0.000003
463 340 0.000003
485 377 0.000003
421 322 0.000003
483 341 0.000003
454 342 0.000003
407 314 0.000003
475 388 0.000003
459 352 0.000003
474 348 0.000003
454 336 0.000003
478 310 0.000003
507 311 0.000003
451 374 0.000003
438 329 0.000003
417 308 0.000004
437 284 0.000003
447 368 0.000004
433 335 0.000004
433 318 0.000003
549 372 0.000003
548 323 0.000004
473 372 0.000004
451 298 0.000003
506 325 0.000003
565 399 0.000004
508 310 0.000004
513 280 0.000004
487 310 0.000004
421 327 0.000003
455 306 0.000003
437 354 0.000003
424 308 0.000003
495 438 0.000004
456 334 0.000004
510 461 0.000004
416 351 0.000004
486 314 0.000003
491 424 0.000004
448 354 0.000004
534 409 0.000004
563 432 0.000003
540 362 0.000003
495 372 0.000003
470 347 0.000003
489 329 0.000003
444 271 0.000003
447 312 0.000003
461 385 0.000003
438 307 0.000003
438 335 0.000003
407 281 0.000003
453 349 0.000003
477 372 0.000003
433 325 0.000003
542 376 0.000004
493 340 0.000004
470 307 0.000004
449 318 0.000003
578 386 0.000003
432 332 0.000003
442 370 0.000003
474 362 0.000003
447 289 0.000003
488 394 0.000003
541 417 0.000003
469 305 0.000003
424 325 0.000003
455 325 0.000003
430 339 0.000003
553 331 0.000003
559 353 0.000004

1193 814 0.000009
1084 834 0.000007
1214 777 0.000007
1169 783 0.000008
1152 812 0.000008
1111 738 0.000007
1086 671 0.000007
1076 733 0.000007
1112 751 0.000007
1123 841 0.000007
1123 750 0.000007
1180 658 0.000007
1062 708 0.000007
1366 999 0.000008
1318 985 0.000007
1160 848 0.000007
1245 622 0.000007
1161 819 0.000007
1425 931 0.000008
1357 670 0.000008
1111 824 0.000008
1184 947 0.000008
1260 770 0.000008
1071 715 0.000007
1046 641 0.000007
1145 823 0.000008
1032 783 0.000007
1077 754 0.000007
1191 951 0.000008
1100 659 0.000007
1099 715 0.000007
1314 959 0.000007
1037 740 0.000007
1059 812 0.000006
1293 827 0.000007
1438 1035 0.000008
1299 994 0.000007
1266 867 0.000007
1325 946 0.000008
1207 898 0.000007
1108 819 0.000007
1173 808 0.000007
1084 755 0.000007
1170 813 0.000007
1070 840 0.000007
1234 1024 0.000007
1255 765 0.000007
1218 804 0.000007
1244 853 0.000007
1110 752 0.000007
1105 723 0.000007
1039 722 0.000006
1238 785 0.000007
986 721 0.000006
1182 863 0.000007
1217 821 0.000007
1066 754 0.000006
1292 1007 0.000008
1218 786 0.000007
1148 797 0.000007
1118 640 0.000007
1044 748 0.000007
1023 781 0.000006
1190 762 0.000007
1291 951 0.000008
1142 892 0.000007
1130 741 0.000007
1174 834 0.000007
1274 762 0.000007
1069 765 0.000007
1102 765 0.000007
1331 1042 0.000007
1027 776 0.000006
1182 784 0.000007
1049 719 0.000007
1136 698 0.000007
1366 876 0.000007
1219 837 0.000007
1119 801 0.000008
1194 721 0.000007
1206 826 0.000007
1399 870 0.000007
1068 724 0.000007
1275 814 0.000007
1277 669 0.000007
1063 613 0.000006
1109 821 0.000007
1272 877 0.000007
1102 726 0.000007
1340 773 0.000007
1241 919 0.000007
1149 723 0.000007
1250 785 0.000008
1143 798 0.000007
1312 814 0.000007
1100 753 0.000007
1118 762 0.000007
1250 916 0.000007
1244 971 0.000007
1118 749 0.000007

2710 1899 0.000018
2692 1982 0.000017
2699 2020 0.000017
2633 1795 0.000016
2999 1889 0.000016
2538 1815 0.000015
3045 2035 0.000016
2581 1646 0.000015
2669 1687 0.000016
2678 1711 0.000015
2845 1797 0.000015
2913 1845 0.000016
2986 1896 0.000016
2631 1858 0.000016
2607 1721 0.000015
2603 1682 0.000014
3111 1858 0.000016
2828 1856 0.000015
2941 1685 0.000016
2536 2050 0.000014
2633 1535 0.000015
2649 1573 0.000015
3138 1613 0.000016
2823 1718 0.000014
2740 1861 0.000014
3057 2188 0.000015
2812 1735 0.000015
2521 1742 0.000015
2559 1564 0.000014
2938 1874 0.000016
2765 1721 0.000015
2591 1568 0.000014
2901 1941 0.000015
2849 1975 0.000016
2443 1725 0.000015
2684 1679 0.000017
2559 1585 0.000014
2745 1632 0.000014
2560 1718 0.000015
2462 1728 0.000015
2602 1696 0.000015
3268 2054 0.000015
2827 1950 0.000015
2619 1868 0.000015
2974 2063 0.000016
2810 2084 0.000014
2628 1870 0.000015
2984 1672 0.000015
2539 1618 0.000014
2595 1794 0.000015
2623 1538 0.000015
2574 1585 0.000014
2820 1830 0.000014
2780 1887 0.000015
3134 2210 0.000015
2873 1916 0.000014
2899 2073 0.000015
3021 1987 0.000015
2983 1958 0.000016
2765 1998 0.000015
2717 2001 0.000015
2676 1673 0.000015
2610 1583 0.000014
2805 1879 0.000015
2765 1913 0.000015
3293 1511 0.000016
3201 2035 0.000015
2721 1988 0.000015
2576 1606 0.000015
2859 1813 0.000015
2702 1764 0.000015
2963 1731 0.000015
3292 2294 0.000016
2876 1978 0.000015
2588 1730 0.000015
2812 1868 0.000015
2666 1903 0.000015
2810 1557 0.000014
3029 1666 0.000015
2717 1806 0.000014
2939 2054 0.000014
2521 1620 0.000014
2705 1869 0.000015
2888 1783 0.000015
2751 1812 0.000015
2705 2091 0.000015
2572 1566 0.000014
2621 1749 0.000015
2734 1770 0.000015
3206 1846 0.000015
2698 1920 0.000014
2800 1931 0.000015
2743 1851 0.000015
3569 2246 0.000017
3017 2065 0.000015
2676 1792 0.000015
3027 2062 0.000015
2994 2019 0.000015
2818 1969 0.000015
2952 1900 0.000015

6990 4361 0.000038
6293 4128 0.000035
6216 3576 0.000033
7948 5077 0.000036
6307 4004 0.000033
7100 4299 0.000062
6016 3966 0.000032
6991 3882 0.000034
5964 3497 0.000031
6575 3849 0.000033
6493 4229 0.000033
6566 4113 0.000033
6622 4385 0.000034
5875 3694 0.000031
6252 3667 0.000031
6545 4195 0.000032
5869 3996 0.000031
6028 3981 0.000031
6485 4175 0.000032
5950 3561 0.000030
6357 4133 0.000032
6354 4447 0.000032
6347 4026 0.000031
6507 3458 0.000031
6654 4782 0.000032
6328 4497 0.000032
6186 3863 0.000031
6458 4172 0.000032
6503 3727 0.000033
6724 4546 0.000034
6031 3827 0.000031
6225 4553 0.000032
6705 4442 0.000033
6904 4380 0.000034
5977 3741 0.000032
6165 3532 0.000032
6121 4169 0.000031
6544 3940 0.000032
6290 3863 0.000032
6728 4425 0.000033
5899 3794 0.000032
6086 3600 0.000032
6128 3956 0.000032
6404 4205 0.000032
6851 3513 0.000033
5896 3571 0.000031
6049 3821 0.000031
6429 4203 0.000032
6890 4691 0.000034
6418 3882 0.000032
6401 3773 0.000032
6247 3920 0.000032
5941 3670 0.000031
7109 4564 0.000034
7854 3908 0.000035
6354 3995 0.000032
5880 3768 0.000032
6001 3844 0.000032
7289 4756 0.000034
6638 4484 0.000032
6780 4168 0.000033
6402 4465 0.000032
6243 3422 0.000031
5967 3983 0.000031
5979 3371 0.000031
6287 3518 0.000032
6586 3958 0.000032
6806 4392 0.000033
6243 4022 0.000032
6549 4092 0.000033
5932 4101 0.000032
6173 3876 0.000032
6522 3808 0.000032
6360 4749 0.000032
6302 3966 0.000031
6858 3960 0.000033
5907 3603 0.000032
6225 3592 0.000032
6451 4154 0.000032
6000 3774 0.000031
6603 4826 0.000032
6871 3998 0.000032
6536 3973 0.000032
6415 4018 0.000033
6101 3801 0.000032
6226 3897 0.000031
6413 3976 0.000032
6457 3929 0.000032
6572 4408 0.000031
6235 4030 0.000032
6045 3877 0.000032
6097 4104 0.000031
6414 3679 0.000032
6747 3987 0.000033
6224 4323 0.000032
6510 4461 0.000032
6980 4917 0.000033
6667 4028 0.000032
6242 4296 0.000032
6232 3967 0.000031

14044 8670 0.000074
13981 8745 0.000070
14559 8551 0.000070
14281 8686 0.000069
13949 9050 0.000068
15347 8612 0.000070
14261 8855 0.000068
15099 9649 0.000109
14778 9520 0.000072
13989 9351 0.000069
14195 8802 0.000068
15273 10373 0.000069
14577 7975 0.000067
14693 8455 0.000070
14134 7748 0.000067
14986 9272 0.000070
17255 9191 0.000074
15138 10266 0.000070
14879 8533 0.000069
14032 9339 0.000067
14977 9453 0.000069
15341 8312 0.000069
15067 8553 0.000070
14491 8272 0.000067
14837 9997 0.000070
14765 9815 0.000069
14716 8805 0.000069
14561 8973 0.000069
14730 8810 0.000068
14870 9273 0.000070
13525 8405 0.000066
14740 8928 0.000070
14210 8400 0.000067
14034 9152 0.000069
14588 7976 0.000070
14824 9038 0.000069
14435 9373 0.000067
14624 8487 0.000068
14350 8700 0.000068
14165 8821 0.000068
14410 8198 0.000068
13951 8213 0.000067
15283 8974 0.000071
14994 9792 0.000069
13547 8427 0.000068
14435 8679 0.000068
14465 8983 0.000068
14245 8501 0.000069
14201 8444 0.000068
14413 7888 0.000069
16780 10214 0.000072
16110 10606 0.000072
13732 9047 0.000090
14278 8680 0.000068
14991 9789 0.000070
14099 9054 0.000069
14820 10093 0.000069
14602 8584 0.000069
13742 8607 0.000067
13845 8467 0.000067
14681 9718 0.000070
15403 9363 0.000069
13485 8870 0.000067
14209 9313 0.000067
15674 8347 0.000070
13918 9480 0.000068
16187 9799 0.000072
13878 8682 0.000067
15181 9505 0.000069
13960 8951 0.000068
14308 9548 0.000068
14676 8471 0.000068
14347 8914 0.000069
15751 8924 0.000070
14976 8981 0.000069
14708 8981 0.000069
13931 8867 0.000068
14040 8320 0.000067
15532 9275 0.000070
13904 8516 0.000068
14005 9118 0.000067
14869 8895 0.000068
13938 8626 0.000069
15063 10469 0.000070
13846 8206 0.000067
14475 9308 0.000068
14357 9953 0.000069
15321 10063 0.000071
15115 9461 0.000070
13930 8433 0.000067
14336 9598 0.000069
14719 8989 0.000070
14792 8164 0.000067
14438 9585 0.000068
15028 9773 0.000071
14062 9230 0.000068
14205 8209 0.000068
14600 8858 0.000068
14437 9874 0.000071
14920 9621 0.000069

31090 20266 0.000150
32476 19493 0.000147
33030 19442 0.000149
33008 21600 0.000147
32850 20749 0.000147
32660 18454 0.000149
31520 20789 0.000145
32824 21354 0.000144
32400 18034 0.000144
32995 20456 0.000147
32337 18559 0.000145
31934 21240 0.000149
32426 21514 0.000145
32921 18623 0.000143
31019 18582 0.000142
30799 19091 0.000143
35598 23732 0.000150
31955 19528 0.000146
30723 16928 0.000140
31741 19234 0.000143
33957 19540 0.000147
32623 20770 0.000145
34123 20495 0.000149
31159 20973 0.000144
32486 21535 0.000147
31610 19883 0.000144
34925 23576 0.000149
30212 18978 0.000140
33298 20011 0.000160
33508 17340 0.000164
33720 20933 0.000149
32159 19245 0.000144
33496 19517 0.000167
31723 19011 0.000145
32203 22183 0.000147
32915 18626 0.000146
37749 22789 0.000156
33731 20508 0.000149
40695 26419 0.000162
32516 19312 0.000147
33879 22307 0.000148
31402 20273 0.000143
36548 20569 0.000155
34220 20597 0.000150
32143 19798 0.000143
32827 20590 0.000145
33653 17665 0.000146
33083 19233 0.000145
32822 17757 0.000146
29819 17830 0.000139
31077 20205 0.000142
33568 17509 0.000148
32977 17759 0.000145
33777 20983 0.000146
32372 20524 0.000166
33371 19988 0.000147
32627 19491 0.000146
34310 21461 0.000148
34874 20568 0.000150
32373 20884 0.000148
34300 22711 0.000148
31985 19805 0.000144
32816 18801 0.000146
31941 19662 0.000144
37334 22460 0.000154
32335 20266 0.000145
34356 18722 0.000149
31504 19140 0.000142
33360 22055 0.000147
33661 22264 0.000146
30850 18962 0.000141
33364 19667 0.000145
31646 19641 0.000143
34064 22109 0.000148
34385 21741 0.000148
33622 18557 0.000161
31229 19295 0.000145
33141 19608 0.000146
31841 17732 0.000143
31201 19652 0.000141
31717 19054 0.000143
32794 20238 0.000146
34724 18792 0.000149
32935 17816 0.000147
33934 20079 0.000149
35655 22696 0.000150
33533 20657 0.000147
32430 18056 0.000144
31560 17929 0.000142
31286 18332 0.000142
34508 21586 0.000149
32083 17641 0.000145
31781 19259 0.000143
32537 17597 0.000145
33269 18173 0.000146
32764 22298 0.000148
32138 21783 0.000145
30099 18574 0.000159
32200 18127 0.000144
34343 22906 0.000148

71481 39507 0.000315
74241 45426 0.000315
73451 40910 0.000311
69521 41265 0.000301
71706 43474 0.000309
69295 41893 0.000303
68478 43613 0.000301
74460 46878 0.000314
71401 43455 0.000308
71993 43617 0.000306
70726 41298 0.000330
68772 39470 0.000301
73477 44239 0.000310
70610 42667 0.000301
72614 47101 0.000309
70739 42033 0.000305
70559 45323 0.000306
86025 53400 0.000336
76043 44266 0.000315
75167 42175 0.000313
70824 39604 0.000323
71688 41371 0.000307
73544 41939 0.000312
71960 45168 0.000310
71182 42575 0.000310
72904 39323 0.000310
67507 42092 0.000298
76653 43080 0.000317
71480 46378 0.000308
75031 42507 0.000313
68800 42871 0.000305
71678 42027 0.000327
73138 39769 0.000307
73689 41135 0.000310
74288 43540 0.000314
70002 43057 0.000304
70539 44952 0.000304
68353 41123 0.000302
73091 41339 0.000312
75687 42353 0.000317
71432 40074 0.000308
68130 41303 0.000319
74305 39321 0.000311
69597 40236 0.000304
73062 44396 0.000365
75296 45938 0.000317
80510 46819 0.000326
74878 43219 0.000329
73021 40160 0.000312
70752 44703 0.000307
73696 41757 0.000309
74629 43349 0.000333
68450 41823 0.000303
74551 45715 0.000312
77690 43972 0.000318
70290 40127 0.000303
82352 51175 0.000329
82604 41515 0.000329
73170 41258 0.000308
82004 46248 0.000326
84804 45228 0.000332
77402 49424 0.000315
69364 44066 0.000304
74567 43351 0.000313
71453 42202 0.000308
76327 48260 0.000315
72816 45059 0.000310
72338 41279 0.000306
72223 45679 0.000310
69508 41421 0.000304
75242 43696 0.000316
68647 40039 0.000301
74118 38991 0.000328
71335 39967 0.000305
71133 44696 0.000304
69160 43088 0.000304
72725 45863 0.000310
71640 43192 0.000308
80091 46487 0.000323
71007 41763 0.000306
70386 43789 0.000305
71290 45218 0.000305
71940 40695 0.000326
81354 48974 0.000325
68520 40568 0.000302
73519 42321 0.000311
73093 42898 0.000309
69686 42209 0.000305
76256 49280 0.000316
71360 38566 0.000305
75865 46262 0.000315
71004 41916 0.000305
74666 40625 0.000311
70825 42142 0.000322
68130 43489 0.000301
72506 40637 0.000310
71296 43697 0.000308
74947 47774 0.000313
69226 43501 0.000304
69030 43611 0.000302

166139 94491 0.000676
155244 96636 0.000648
150962 92417 0.000661
155139 87450 0.000649
160703 89431 0.000658
161023 97177 0.000661
160197 94424 0.000655
165793 99368 0.000687
159627 96341 0.000650
156169 92549 0.000642
160185 98506 0.000657
149037 90297 0.000634
163567 88057 0.000677
163534 89540 0.000662
153035 87786 0.000641
162987 100502 0.000658
159570 90233 0.000654
153241 93183 0.000659
152089 90322 0.000639
156181 87252 0.000646
172374 107054 0.000683
158505 96697 0.000649
160628 91922 0.000689
183095 118709 0.000750
155098 95004 0.000643
166820 91995 0.000671
168126 103366 0.000670
153797 94376 0.000656
167391 94412 0.000665
161628 99715 0.000652
160540 92940 0.000654
158583 95332 0.000649
154183 81346 0.000663
157449 87407 0.000652
166546 86213 0.000666
160465 89602 0.000658
162275 99678 0.000657
148133 84461 0.000647
166279 107405 0.000665
167331 92724 0.000665
154362 88661 0.000647
162658 101031 0.000663
152215 88427 0.000656
157262 86780 0.000647
148803 87236 0.000636
163587 99003 0.000666
161966 86814 0.000654
170333 107703 0.000689
164848 85400 0.000673
162243 103437 0.000660
151219 95405 0.000639
150249 87349 0.000636
161543 98401 0.000678
165161 99992 0.000665
161539 94848 0.000659
158356 89027 0.000652
158247 97074 0.000655
164303 108961 0.000680
162084 91333 0.000654
160320 96356 0.000655
158866 94995 0.000658
157680 93616 0.000654
154794 85031 0.000649
162177 95538 0.000665
153928 92095 0.000640
154258 94074 0.000648
163304 92389 0.000658
153485 90063 0.000648
163640 87431 0.000658
169327 96247 0.000673
160135 83460 0.000651
158521 89151 0.000650
164569 92013 0.000671
173125 107999 0.000686
155294 97416 0.000645
167841 104698 0.000672
163497 88529 0.000659
154237 99853 0.000652
160582 93770 0.000656
153442 87376 0.000639
171734 107235 0.000676
156640 94771 0.000644
165094 105105 0.000673
153267 83405 0.000638
170522 107401 0.000668
160123 99165 0.000659
160318 89446 0.000653
152718 91655 0.000651
162523 97505 0.000662
154830 94148 0.000641
157621 100519 0.000649
169679 101361 0.000672
151639 88647 0.000645
154255 88295 0.000645
167388 108886 0.000668
143562 87655 0.000629
171559 95125 0.000675
170490 88860 0.000678
153732 91470 0.000647
188423 94505 0.000706

336139 189804 0.001368
329402 189893 0.001414
348485 195164 0.001371
347006 203589 0.001399
359143 202158 0.001426
347412 188133 0.001377
349403 196370 0.001406
345418 213635 0.001397
335416 191223 0.001377
338033 200723 0.001362
338650 190871 0.001371
336456 194055 0.001386
349859 218287 0.001390
355134 196561 0.001421
346258 198157 0.001378
335325 193299 0.001359
347310 195383 0.001381
330594 195624 0.001356
344258 200481 0.001398
346787 197212 0.001385
340521 199024 0.001378
352755 211215 0.001390
350922 198914 0.001395
340591 198318 0.001383
343000 210163 0.001379
332032 205364 0.001376
337603 193059 0.001369
361796 223461 0.001406
344777 194741 0.001370
351824 202668 0.001386
359763 220879 0.001430
343421 199522 0.001377
355292 204304 0.001415
339569 201115 0.001382
336615 199457 0.001359
349805 215978 0.001397
330882 194547 0.001357
348645 195576 0.001401
331110 190263 0.001359
347419 205154 0.001383
340608 206082 0.001370
351124 215450 0.001393
346218 211791 0.001393
333439 189402 0.001348
379499 199115 0.001457
332702 189858 0.001361
335575 206847 0.001362
350987 209906 0.001392
342812 195756 0.001372
365892 223847 0.001424
342593 185526 0.001386
334920 191855 0.001371
343760 188946 0.001372
365516 219842 0.001424
351968 208091 0.001403
337206 198791 0.001360
336432 190547 0.001381
352091 201471 0.001398
331184 189441 0.001392
335172 202194 0.001360
342329 208207 0.001374
350107 196876 0.001407
331047 192191 0.001362
342548 205616 0.001401
348172 200381 0.001387
350439 223793 0.001389
348867 198285 0.001398
362502 207827 0.001415
339356 197527 0.001398
341683 205500 0.001373
370270 196299 0.001429
383362 225719 0.001455
351535 226005 0.001392
344809 226223 0.001391
346259 184320 0.001380
360063 196772 0.001424
332157 192123 0.001360
350332 221549 0.001392
402061 217499 0.001485
341763 194542 0.001389
340180 216174 0.001382
354624 192951 0.001398
345842 197778 0.001393
362567 198088 0.001422
347201 202389 0.001377
351258 221605 0.001391
374523 188335 0.001432
350032 202423 0.001400
353348 223263 0.001398
344298 192640 0.001395
354458 204991 0.001399
365991 218268 0.001415
349441 206418 0.001390
339203 191469 0.001362
346533 210409 0.001401
361861 217808 0.001410
354733 195750 0.001441
354710 189732 0.001406
330566 201067 0.001360
352234 223518 0.001405

748847 416438 0.002897
777112 417975 0.002950
777967 412369 0.002970
739416 401046 0.002882
741623 431867 0.002888
739968 424104 0.002896
793677 453908 0.002997
728145 439780 0.002877
726524 433582 0.002849
749370 418166 0.002911
773588 443334 0.002942
742952 416841 0.002886
710530 393045 0.002835
755906 413076 0.002908
733666 434980 0.002870
709951 429571 0.002840
759464 450417 0.002941
732593 412938 0.002863
784445 402882 0.002989
749770 438230 0.002908
750540 408974 0.002900
854524 499375 0.003097
736811 408503 0.002883
724454 407452 0.003059
740574 415477 0.002891
798099 457931 0.002990
735546 435713 0.002917
776062 447180 0.002950
739274 397783 0.002925
711410 412495 0.002840
730743 420871 0.002887
735208 419023 0.002876
730109 402090 0.002882
775243 455033 0.002942
765495 425722 0.002940
735984 443270 0.002904
759261 430071 0.002927
734933 399209 0.002876
752504 435682 0.002918
759991 448137 0.002925
744954 445225 0.002898
834056 458099 0.003053
770363 478982 0.002940
746210 436578 0.002899
757941 412833 0.002920
763808 456747 0.002933
746330 407625 0.002892
777506 490038 0.002947
705233 407166 0.002805
772031 418100 0.002939
718734 405964 0.002854
733405 431671 0.002882
718539 441915 0.002846
772961 444269 0.002945
728514 431168 0.002878
794956 474465 0.002997
723027 424832 0.002854
772122 415490 0.002916
743584 410175 0.002900
775587 397234 0.002963
794271 414038 0.002992
757885 418558 0.002915
791252 468340 0.002975
728914 417789 0.002855
751246 431575 0.002921
755096 428392 0.002915
748098 413363 0.002898
747566 411850 0.002901
759514 431763 0.002936
728734 428033 0.002871
796179 417935 0.002978
743470 407008 0.002872
753435 420406 0.002887
762441 401442 0.002915
794872 420199 0.002982
732848 436694 0.002865
745225 454655 0.002898
738110 400137 0.002877
732076 404320 0.002868
790778 434407 0.003020
712001 419681 0.002824
802929 426176 0.003013
840826 477554 0.003072
722476 419719 0.002861
735454 427197 0.002868
766779 472261 0.002928
762926 461803 0.002940
765654 471492 0.002932
732896 444440 0.002876
760939 386880 0.002908
758976 490597 0.002918
786909 460926 0.002962
726040 403937 0.002884
736836 427426 0.002874
802286 436932 0.002987
735988 425894 0.002864
735627 442195 0.002858
746861 434292 0.002888
724390 401005 0.002863
753476 461827 0.002926