81 83 0.000002
70 57 0.000001
82 62 0.000001
76 38 0.000001
58 62 0.000001
74 54 0.000001
77 56 0.000001
65 57 0.000001
67 63 0.000002
62 63 0.000001
82 63 0.000001
64 59 0.000001
60 54 0.000001
61 53 0.000001
76 63 0.000002
64 55 0.000001
66 58 0.000001
62 54 0.000001
67 59 0.000001
69 68 0.000001
58 62 0.000001
68 57 0.000001
64 53 0.000001
64 63 0.000001
82 64 0.000001
76 58 0.000001
63 56 0.000001
68 67 0.000001
71 54 0.000001
65 51 0.000001
98 78 0.000001
77 72 0.000001
71 63 0.000001
68 55 0.000000
77 59 0.000002
64 67 0.000001
75 56 0.000001
66 59 0.000001
67 58 0.000001
70 64 0.000001
88 50 0.000001
76 82 0.000001
62 50 0.000001
75 68 0.000001
75 44 0.000001
66 59 0.000001
89 76 0.000001
76 85 0.000001
66 60 0.000001
70 64 0.000001
82 65 0.000001
67 49 0.000001
84 75 0.000001
73 68 0.000001
76 57 0.000001
60 55 0.000000
63 56 0.000001
75 61 0.000001
62 64 0.000001
73 52 0.000001
77 63 0.000001
84 82 0.000001
63 48 0.000002
83 47 0.000001
71 74 0.000001
69 67 0.000001
77 72 0.000002
58 52 0.000001
75 67 0.000001
73 60 0.000001
59 50 0.000001
75 48 0.000001
62 59 0.000001
71 76 0.000001
67 69 0.000001
85 84 0.000001
72 76 0.000001
64 64 0.000001
79 75 0.000001
67 55 0.000001
61 64 0.000001
84 83 0.000001
74 67 0.000001
81 74 0.000001
88 58 0.000001
62 61 0.000001
71 78 0.000001
66 61 0.000001
64 55 0.000001
70 60 0.000000
67 58 0.000001
82 91 0.000001
73 57 0.000001
74 57 0.000000
69 44 0.000001
74 62 0.000001
72 72 0.000001
70 55 0.000001
73 66 0.000001
70 58 0.000001

222 180 0.000002
185 161 0.000002
196 163 0.000002
172 137 0.000002
169 144 0.000002
185 130 0.000002
177 165 0.000002
215 190 0.000002
227 169 0.000002
188 174 0.000002
185 163 0.000002
196 157 0.000002
194 126 0.000002
185 146 0.000002
176 132 0.000002
187 146 0.000002
183 130 0.000001
156 137 0.000002
167 131 0.000002
168 140 0.000002
179 173 0.000002
182 125 0.000002
189 157 0.000002
217 128 0.000001
186 121 0.000002
214 130 0.000002
185 164 0.000002
199 133 0.000002
182 125 0.000002
188 146 0.000002
176 170 0.000002
206 179 0.000002
199 141 0.000002
212 165 0.000001
158 142 0.000002
236 152 0.000002
213 103 0.000002
193 139 0.000002
164 124 0.000002
173 130 0.000001
185 160 0.000002
212 181 0.000002
198 174 0.000002
205 134 0.000002
195 125 0.000002
161 148 0.000002
161 133 0.000002
165 135 0.000002
180 159 0.000002
185 135 0.000002
206 167 0.000002
166 165 0.000002
197 185 0.000002
181 126 0.000002
177 146 0.000002
175 143 0.000002
235 188 0.000002
174 135 0.000001
196 173 0.000002
173 143 0.000002
175 118 0.000002
171 130 0.000002
208 125 0.000001
213 114 0.000002
224 146 0.000002
213 129 0.000002
166 131 0.000002
216 185 0.000001
179 135 0.000002
172 157 0.000002
208 151 0.000002
187 163 0.000002
164 121 0.000001
182 155 0.000002
182 155 0.000002
181 160 0.000002
193 151 0.000002
173 119 0.000002
175 142 0.000001
196 131 0.000002
180 129 0.000002
163 139 0.000002
218 153 0.000002
217 112 0.000002
188 159 0.000001
203 157 0.000002
173 142 0.000002
206 185 0.000002
202 110 0.000001
173 132 0.000002
203 126 0.000002
202 151 0.000002
199 157 0.000002
185 129 0.000002
175 155 0.000002
200 115 0.000002
184 160 0.000004
171 154 0.000002
232 153 0.000002
241 188 0.000001

511 393 0.000004
422 358 0.000003
474 356 0.000004
458 295 0.000004
554 317 0.000004
580 320 0.000004
450 337 0.000003
444 381 0.000004
521 426 0.000004
467 299 0.000004
475 346 0.000004
522 371 0.000004
532 387 0.000004
465 328 0.000004
530 323 0.000004
500 354 0.000003
595 377 0.000004
458 324 0.000004
463 325 0.000004
485 350 0.000004
492 328 0.000003
447 354 0.000004
568 437 0.000004
468 314 0.000004
535 377 0.000004
580 303 0.000004
512 367 0.000004
483 313 0.000004
479 311 0.000004
418 309 0.000004
508 379 0.000004
425 297 0.000004
515 277 0.000004
571 501 0.000004
422 282 0.000003
430 296 0.000004
510 373 0.000004
549 350 0.000004
490 344 0.000004
437 319 0.000003
487 309 0.000003
497 395 0.000004
550 402 0.000004
439 305 0.000004
465 345 0.000004
468 364 0.000004
448 307 0.000004
478 396 0.000005
500 373 0.000006
475 345 0.000004
462 273 0.000004
530 361 0.000004
444 330 0.000004
417 303 0.000004
613 477 0.000004
468 291 0.000004
453 371 0.000003
464 352 0.000003
493 292 0.000003
517 395 0.000004
548 429 0.000004
476 307 0.000004
445 329 0.000004
463 329 0.000004
495 274 0.000004
555 444 0.000004
433 358 0.000003
456 324 0.000004
408 321 0.000004
498 385 0.000004
492 301 0.000004
532 412 0.000004
498 277 0.000004
517 421 0.000004
467 280 0.000004
436 321 0.000004
474 362 0.000004
426 299 0.000004
428 299 0.000004
475 346 0.000004
573 373 0.000004
478 323 0.000004
402 279 0.000003
475 273 0.000003
481 316 0.000004
504 396 0.000004
474 326 0.000004
476 292 0.000004
472 417 0.000005
449 311 0.000004
480 367 0.000004
537 464 0.000004
456 365 0.000004
522 358 0.000004
635 519 0.000004
508 353 0.000004
521 355 0.000003
490 350 0.000004
498 386 0.000004
432 314 0.000004

1224 648 0.000009
1066 705 0.000008
1120 827 0.000009
1206 849 0.000008
1175 765 0.000009
1213 850 0.000008
1337 927 0.000009
1069 638 0.000008
1085 836 0.000008
1109 763 0.000008
1191 752 0.000008
1292 853 0.000008
1237 685 0.000008
1231 707 0.000009
1239 835 0.000008
1191 801 0.000009
1142 794 0.000008
1288 736 0.000008
1056 757 0.000009
1088 679 0.000008
1127 722 0.000008
1172 785 0.000008
1114 909 0.000009
1086 681 0.000008
1119 690 0.000008
1275 902 0.000009
1181 867 0.000008
1141 728 0.000008
1074 765 0.000008
1128 678 0.000008
1163 780 0.000009
1296 946 0.000008
1073 731 0.000008
1104 743 0.000008
1199 787 0.000009
1193 766 0.000008
1036 753 0.000008
1125 807 0.000008
1029 732 0.000008
1088 691 0.000008
1246 929 0.000008
1052 729 0.000008
1134 655 0.000009
1256 790 0.000008
1174 872 0.000008
1312 828 0.000008
1141 788 0.000009
1197 828 0.000008
1134 790 0.000008
1339 972 0.000009
1309 910 0.000008
1221 753 0.000008
1115 766 0.000008
1181 958 0.000008
1067 715 0.000008
1275 1055 0.000008
1243 995 0.000008
1177 896 0.000009
1148 816 0.000008
1272 745 0.000008
1195 783 0.000009
1223 786 0.000008
1080 654 0.000008
1227 774 0.000008
1049 741 0.000009
1602 1072 0.000009
1129 785 0.000008
1084 813 0.000009
1244 944 0.000008
1228 742 0.000008
1090 696 0.000008
1179 818 0.000008
1199 853 0.000008
1097 729 0.000009
1347 1054 0.000008
1187 737 0.000009
1111 737 0.000008
1099 874 0.000008
1223 838 0.000008
1161 775 0.000008
1190 688 0.000009
1417 787 0.000008
1183 850 0.000008
1262 984 0.000009
1085 792 0.000008
1265 820 0.000008
1248 938 0.000009
1159 774 0.000008
1197 756 0.000008
1185 774 0.000009
1336 746 0.000008
1138 682 0.000008
1146 856 0.000009
1058 715 0.000008
1132 773 0.000008
1148 857 0.000008
1249 764 0.000009
1213 729 0.000008
1216 769 0.000009
1248 963 0.000008

3035 1642 0.000017
3271 2326 0.000018
2602 1745 0.000017
2627 1713 0.000018
2526 1800 0.000018
2626 1883 0.000018
3002 1976 0.000018
2463 1739 0.000018
2660 1696 0.000018
2804 1624 0.000018
2816 1721 0.000018
2772 1845 0.000017
2695 1671 0.000017
3276 2380 0.000018
2853 1649 0.000018
2831 1514 0.000017
2826 1949 0.000018
2933 1552 0.000018
2591 1749 0.000018
2573 1744 0.000018
2830 1620 0.000018
2958 2126 0.000018
2501 1719 0.000038
2921 2245 0.000024
2576 1811 0.000018
2959 2003 0.000018
2958 1940 0.000018
2797 1924 0.000018
2570 1701 0.000017
2654 1666 0.000017
2859 1859 0.000018
3002 2064 0.000018
2652 1496 0.000018
2963 1674 0.000018
2913 1839 0.000017
2721 1640 0.000017
2706 1877 0.000018
2763 1797 0.000018
2363 1686 0.000018
2858 1793 0.000019
2800 1732 0.000018
2934 1845 0.000017
2855 1970 0.000017
2529 1650 0.000018
2734 1613 0.000018
2984 2151 0.000018
2641 1802 0.000017
2621 1693 0.000018
2580 1418 0.000017
2614 1768 0.000017
3419 1890 0.000018
2550 1854 0.000017
2504 1682 0.000017
2981 2013 0.000017
3214 2086 0.000018
2755 1762 0.000018
2659 1730 0.000017
2683 1834 0.000017
2878 1920 0.000017
3039 1914 0.000018
2646 1543 0.000018
2644 1660 0.000018
3204 1894 0.000017
2818 2148 0.000017
2724 2043 0.000018
2599 1715 0.000017
2912 1660 0.000018
2908 1754 0.000018
2651 1773 0.000018
3095 2105 0.000018
2758 1646 0.000017
2680 1766 0.000017
2943 2126 0.000018
2795 1947 0.000018
2821 1732 0.000018
2544 1529 0.000018
2593 1668 0.000018
2704 1916 0.000018
2584 1473 0.000017
3557 2066 0.000019
3051 1914 0.000018
2737 1644 0.000018
2604 1599 0.000017
2960 1707 0.000018
3638 2097 0.000019
2900 2090 0.000018
2687 1652 0.000018
2631 1888 0.000017
3348 2059 0.000018
2831 1877 0.000017
2513 1708 0.000018
3113 2109 0.000018
3082 2093 0.000019
2776 1781 0.000018
2749 1677 0.000017
2926 1651 0.000018
3161 2170 0.000019
2771 2055 0.000018
2480 1618 0.000017
3591 2332 0.000019

5850 3744 0.000038
6401 4293 0.000038
6423 4314 0.000038
6086 3976 0.000038
7162 5246 0.000040
6425 4242 0.000038
6045 3767 0.000038
6378 4530 0.000038
6571 4414 0.000038
6456 3987 0.000039
7046 4637 0.000039
6834 4378 0.000039
6189 3919 0.000039
6160 4027 0.000037
6519 4398 0.000038
6839 4472 0.000038
6322 4331 0.000039
6518 4432 0.000038
6766 4594 0.000038
5941 3735 0.000038
6390 4180 0.000038
6481 3691 0.000038
6371 4094 0.000039
6258 4106 0.000038
6147 3553 0.000039
6306 4158 0.000040
6233 3887 0.000038
6526 3860 0.000039
7179 5420 0.000041
6453 3838 0.000038
5911 3236 0.000038
6394 3556 0.000038
6194 4340 0.000038
6409 3762 0.000038
6414 4178 0.000038
7106 3773 0.000039
6514 4741 0.000039
6011 3750 0.000038
6273 4097 0.000038
6292 4344 0.000038
6992 4293 0.000040
6200 3987 0.000038
7210 4777 0.000039
6035 4168 0.000038
6487 3895 0.000039
6671 5025 0.000038
6356 4119 0.000038
6832 4418 0.000039
6795 4676 0.000039
7243 4963 0.000039
7137 4266 0.000038
6172 4124 0.000055
6145 3889 0.000039
6754 3665 0.000038
6795 3749 0.000039
6205 3837 0.000039
7246 3898 0.000038
6504 4083 0.000040
6096 3863 0.000038
6187 4136 0.000038
5908 3679 0.000039
6267 3540 0.000039
7102 4263 0.000040
7241 4581 0.000039
7299 4261 0.000040
5885 3533 0.000038
7165 4699 0.000039
6824 4650 0.000039
7202 4612 0.000039
6709 3826 0.000038
7185 5042 0.000039
7725 3918 0.000040
6576 4190 0.000039
5905 4008 0.000038
6733 4146 0.000038
6945 4364 0.000038
6956 3809 0.000038
6301 4061 0.000038
6177 3744 0.000038
6047 3827 0.000039
6054 4244 0.000038
6540 4079 0.000038
6609 4090 0.000039
6532 4203 0.000039
6514 4102 0.000039
6343 4354 0.000039
6417 4504 0.000038
6396 4066 0.000038
6226 4125 0.000039
6336 4632 0.000038
6018 3905 0.000038
6543 4002 0.000038
6349 4402 0.000039
7353 3327 0.000039
5995 4290 0.000038
7639 5465 0.000040
6616 4332 0.000039
7314 4113 0.000039
6215 3782 0.000038
6346 4238 0.000039

13676 8754 0.000082
14842 10650 0.000082
13253 8371 0.000083
13554 8385 0.000080
15846 10079 0.000084
14633 7887 0.000082
14192 8135 0.000081
15419 8090 0.000083
14274 8519 0.000083
13980 8775 0.000081
15439 9074 0.000084
14583 9097 0.000083
15782 10028 0.000084
13860 9442 0.000083
14760 8599 0.000082
14658 8842 0.000083
15601 8367 0.000083
14531 8832 0.000083
15323 9943 0.000104
15448 9150 0.000083
13597 7417 0.000082
13806 8561 0.000082
15293 10736 0.000084
15308 8188 0.000083
16098 10297 0.000083
15200 8126 0.000084
15770 10722 0.000084
14206 7772 0.000082
13871 9051 0.000081
13732 8485 0.000083
15274 9601 0.000082
13989 8412 0.000083
14849 8453 0.000084
16155 9682 0.000084
14734 8719 0.000082
14568 9057 0.000083
13353 8706 0.000082
14424 9360 0.000083
16521 9648 0.000086
13604 8186 0.000082
14132 9251 0.000082
16038 10595 0.000083
15468 8699 0.000084
13326 8656 0.000081
14287 8402 0.000081
13586 8542 0.000083
14051 9174 0.000081
13992 8723 0.000082
14348 9530 0.000083
14834 8688 0.000083
14741 9097 0.000083
15017 9540 0.000085
13672 8874 0.000082
15839 9291 0.000083
13697 8668 0.000082
13736 9583 0.000082
13559 7818 0.000083
16082 10459 0.000084
14136 9853 0.000083
13846 8824 0.000083
14719 7942 0.000102
15369 9159 0.000082
14400 8285 0.000082
14081 7973 0.000082
15638 10566 0.000085
13397 8756 0.000083
14409 8429 0.000081
14941 8666 0.000083
13924 9192 0.000083
14983 8999 0.000084
13535 8408 0.000083
15242 9560 0.000083
15945 9720 0.000083
14616 8652 0.000083
13586 9306 0.000083
14594 9193 0.000081
13808 8959 0.000083
13757 8121 0.000080
13553 8050 0.000082
14357 9250 0.000083
14558 8274 0.000083
14415 8055 0.000081
17332 12057 0.000086
14787 9858 0.000083
15175 9554 0.000083
14840 9076 0.000083
13439 8528 0.000083
16295 10405 0.000085
14505 8492 0.000083
14799 10269 0.000083
13758 8652 0.000081
14460 8873 0.000082
15669 9278 0.000083
15128 8367 0.000084
14899 10168 0.000083
14838 9731 0.000083
17091 7849 0.000085
17049 10016 0.000087
14494 9171 0.000084
14938 8558 0.000083

31781 18806 0.000177
33230 19481 0.000193
35854 20241 0.000182
33242 21626 0.000178
32196 20781 0.000177
35215 21821 0.000182
32608 20088 0.000177
32777 20918 0.000177
34385 20611 0.000176
34364 20237 0.000177
31963 20371 0.000179
31917 19838 0.000178
33289 22457 0.000177
34310 20233 0.000177
32139 20450 0.000175
31041 18015 0.000178
31556 18732 0.000175
33234 20477 0.000178
30882 19322 0.000177
32359 21820 0.000175
30238 18762 0.000192
33434 20213 0.000180
32849 19358 0.000177
30748 18577 0.000176
32624 18793 0.000181
35378 17273 0.000180
30757 19208 0.000175
31113 19840 0.000176
32623 17440 0.000177
33130 20141 0.000180
32998 19150 0.000174
34252 22013 0.000179
33354 21487 0.000178
30596 19076 0.000175
31109 18737 0.000175
31624 20291 0.000176
32780 21176 0.000180
32381 20036 0.000177
32815 18969 0.000177
32471 19272 0.000178
31686 18100 0.000193
30874 18685 0.000176
34176 19373 0.000177
32626 20052 0.000178
33672 19760 0.000178
34212 22470 0.000178
34164 17240 0.000178
33770 20016 0.000179
35141 18312 0.000178
36105 20446 0.000182
36599 24013 0.000183
36194 20608 0.000180
35385 21433 0.000180
34646 21943 0.000178
33728 22992 0.000181
32081 19619 0.000177
33342 18084 0.000175
30797 18038 0.000176
34314 19138 0.000179
33038 19183 0.000178
34172 18944 0.000200
32489 17525 0.000176
33284 20162 0.000181
34908 22989 0.000180
32095 19914 0.000177
31803 18654 0.000179
30999 20300 0.000176
31624 17786 0.000177
31916 18300 0.000177
35718 17901 0.000180
31398 18738 0.000176
30464 16620 0.000175
34905 21639 0.000183
31574 20305 0.000179
38315 22945 0.000179
33067 19724 0.000175
32378 20704 0.000178
31497 19688 0.000176
30361 19536 0.000177
31810 18701 0.000179
34654 21295 0.000194
33594 19174 0.000174
32150 20994 0.000178
32612 19057 0.000192
34037 19679 0.000200
39757 19080 0.000186
31770 19879 0.000178
32440 19663 0.000176
32614 17835 0.000180
31355 19131 0.000177
38435 24211 0.000183
30514 19145 0.000177
32647 17952 0.000177
35031 20484 0.000179
31979 21350 0.000176
31622 17507 0.000178
36398 18400 0.000179
30394 17840 0.000177
32498 20434 0.000175
31356 17959 0.000198

69355 46001 0.000377
71593 44067 0.000381
68237 41767 0.000379
73377 43903 0.000378
77220 46202 0.000388
77989 41284 0.000384
69754 42183 0.000376
71876 43334 0.000376
74181 49280 0.000382
70389 40413 0.000382
72883 42142 0.000378
76869 42302 0.000377
75961 48781 0.000381
74805 45387 0.000384
69008 41861 0.000375
73947 43483 0.000376
74405 40532 0.000382
74169 46579 0.000380
75531 47585 0.000384
72676 47547 0.000379
77956 49461 0.000384
73162 36879 0.000383
74246 47264 0.000380
78337 40939 0.000379
70974 39689 0.000373
71463 41822 0.000380
70737 40968 0.000378
71598 44500 0.000380
74635 43626 0.000380
73650 40625 0.000378
74856 47831 0.000381
70522 41663 0.000376
77619 46927 0.000383
73185 42181 0.000378
74258 47883 0.000381
79355 39516 0.000388
67886 39144 0.000377
78024 43687 0.000385
76032 44221 0.000382
71329 40836 0.000376
71140 42195 0.000380
70380 41657 0.000377
69574 40763 0.000380
76758 48802 0.000380
70704 42037 0.000377
74273 48299 0.000378
80013 46731 0.000397
74211 43364 0.000381
71734 39715 0.000373
73014 45761 0.000381
72158 47658 0.000381
76126 42314 0.000387
71715 44013 0.000377
71739 46553 0.000378
67604 41584 0.000374
70091 43422 0.000373
72927 48115 0.000379
71820 41352 0.000377
72842 43020 0.000381
72995 45693 0.000378
71600 40154 0.000376
77040 38283 0.000381
70317 42126 0.000378
72077 39792 0.000377
69281 40426 0.000372
66556 38552 0.000386
75922 45048 0.000380
68817 41017 0.000377
77808 45218 0.000384
72100 45591 0.000379
72462 44375 0.000381
74199 46347 0.000376
73721 39959 0.000381
67520 39366 0.000373
71310 40980 0.000385
81571 44528 0.000385
69565 39736 0.000369
73089 45182 0.000380
68770 39447 0.000376
72789 43244 0.000381
71435 46629 0.000373
73661 45848 0.000379
74440 47031 0.000383
72674 43338 0.000380
73270 43336 0.000391
71427 42257 0.000373
67946 41370 0.000378
76005 41543 0.000382
72133 41146 0.000378
69924 43002 0.000374
68743 42861 0.000375
68794 41111 0.000378
73595 47431 0.000380
71764 39776 0.000384
68770 40793 0.000375
74999 44562 0.000380
68398 40015 0.000377
71582 37285 0.000377
75702 42434 0.000377
68880 41380 0.000378

151133 85372 0.000793
152008 93082 0.000809
154229 89273 0.000803
156589 97717 0.000807
165992 84856 0.000800
152658 91723 0.000809
154121 92973 0.000799
166447 89367 0.000810
147678 81823 0.000798
161273 86490 0.000800
157409 93448 0.000823
157756 83795 0.000805
171950 106818 0.000827
157504 92000 0.000805
168113 110444 0.000822
151860 86550 0.000808
163368 96944 0.000805
160250 87441 0.000797
157252 93187 0.000807
159873 104575 0.000845
158770 90642 0.000812
166163 106545 0.000824
160217 91951 0.000797
149268 84391 0.000819
151452 89669 0.000799
185921 106404 0.000844
157017 86171 0.000808
157856 96017 0.000807
160380 85031 0.000803
162087 97480 0.000815
160306 92066 0.000810
158438 103755 0.000803
157631 91919 0.000838
148462 89782 0.000794
154501 86285 0.000801
149227 86265 0.000791
163432 92249 0.000838
159719 90326 0.000800
162616 93648 0.000807
152542 90426 0.000799
157036 86055 0.000810
165073 84936 0.000822
160054 101501 0.000819
151958 92518 0.000796
151800 83364 0.000798
158840 85307 0.000821
153082 88487 0.000800
155314 89228 0.000805
160592 88172 0.000806
164627 94326 0.000824
171026 110758 0.000827
167465 103332 0.000822
170085 99458 0.000810
161479 94430 0.000800
190700 95505 0.000846
153070 89811 0.000807
161684 94790 0.000811
155931 90562 0.000801
162630 94431 0.000807
163945 107999 0.000805
170110 100205 0.000824
158793 85533 0.000804
151796 91565 0.000807
151840 85831 0.000800
177890 92199 0.000825
156425 94188 0.000799
174496 114212 0.000821
156623 96787 0.000804
168702 103909 0.000817
156232 94735 0.000798
156100 91004 0.000807
156145 89154 0.000799
148985 83462 0.000800
156009 92931 0.000806
156895 99119 0.000797
155858 91292 0.000845
154432 95085 0.000813
159831 89306 0.000807
160544 88647 0.000806
163161 103029 0.000807
156167 93731 0.000800
161285 89110 0.000817
168536 103580 0.000819
154335 91929 0.000798
164932 89184 0.000807
164842 91005 0.000813
170908 93429 0.000815
176418 110758 0.000828
158177 88335 0.000813
158967 96738 0.000796
153109 90728 0.000794
150578 82533 0.000803
163338 94594 0.000811
165942 107767 0.000822
150389 89791 0.000800
158908 90143 0.000807
157097 100479 0.000812
148236 88130 0.000799
163000 100118 0.000807
159601 92178 0.000791

354921 203766 0.001689
337331 192246 0.001702
354347 191146 0.001702
363667 204869 0.001727
342024 187476 0.001709
327897 193607 0.001703
351568 191407 0.001711
333108 207097 0.001704
343987 184254 0.001708
342591 219089 0.001709
357400 214036 0.001753
362059 206463 0.001717
372791 194306 0.001742
365184 217019 0.001730
343430 214500 0.001709
362755 203099 0.001716
348393 204507 0.001710
336970 198555 0.001716
357562 207794 0.001735
359366 214003 0.001731
329099 193418 0.001696
370100 229185 0.001721
346098 203483 0.001705
342187 196049 0.001687
354268 195653 0.001708
333306 186957 0.001696
346422 193848 0.001728
336960 205137 0.001700
352296 206581 0.001706
341575 191707 0.001709
332106 192105 0.001700
369418 220276 0.001765
349594 224702 0.001722
340815 202071 0.001710
323932 185053 0.001685
350931 200751 0.001715
345679 185519 0.001690
363100 200267 0.001744
356447 194399 0.001706
355140 182464 0.001715
338161 201403 0.001704
368012 193642 0.001750
336126 187706 0.001684
372967 229909 0.001755
366354 195077 0.001744
348859 193163 0.001714
332319 186682 0.001684
369664 187497 0.001754
343988 183790 0.001708
336377 181862 0.001691
332191 189310 0.001686
351594 211017 0.001715
365628 194577 0.001731
334642 197175 0.001679
344079 198036 0.001712
345508 197893 0.001698
355656 207239 0.001726
333115 198642 0.001688
332609 202005 0.001713
338486 199719 0.001700
336696 179089 0.001691
329220 185995 0.001695
372708 225255 0.001754
349992 199105 0.001708
373127 199196 0.001734
361708 188026 0.001697
355695 202902 0.001714
337427 211542 0.001677
328480 188449 0.001704
327118 200431 0.001683
334608 208125 0.001706
339407 200282 0.001696
349649 203474 0.001715
364461 211262 0.001740
353221 219326 0.001711
331831 201105 0.001712
348593 214676 0.001697
361090 220364 0.001748
338325 202765 0.001702
338966 200109 0.001725
335226 196916 0.001702
334027 183810 0.001710
326753 188089 0.001695
339845 188714 0.001686
345520 205430 0.001690
347718 188762 0.001696
355572 202023 0.001707
364714 195968 0.001718
349601 187230 0.001728
340211 202065 0.001677
338355 199828 0.001700
361857 192787 0.001707
352959 191550 0.001707
338504 195301 0.001706
379750 225870 0.001747
338014 196762 0.001695
334867 187822 0.001704
330838 202423 0.001702
336902 178611 0.001698
336278 191773 0.001701

821394 480089 0.003705
801013 448305 0.003722
767105 418885 0.003650
764427 411906 0.003621
729639 439994 0.003550
737666 408755 0.003588
785259 411275 0.003644
722422 404745 0.003606
787433 448361 0.003638
748624 428384 0.003578
759731 479734 0.003601
765315 441391 0.003585
728008 419692 0.003596
772074 431838 0.003670
785195 478833 0.003661
742741 431634 0.003625
727990 420772 0.003568
754668 434036 0.003591
721217 414115 0.003611
774922 438279 0.003628
751245 430885 0.003650
731992 431176 0.003551
770064 436597 0.003619
744240 401354 0.003608
784164 430190 0.003654
735587 423565 0.003614
769796 440980 0.003623
751199 399035 0.003593
738611 438527 0.003588
744247 440654 0.003596
750519 408563 0.003594
723312 411701 0.003625
775672 461055 0.003645
717486 418041 0.003593
750585 447735 0.003599
786710 410923 0.003664
729698 425206 0.003606
729808 398487 0.003583
739600 437787 0.003583
794319 493733 0.003661
725569 452172 0.003570
719405 391512 0.003594
744182 424825 0.003592
751963 440097 0.003608
790832 383127 0.003589
818558 414206 0.003679
727865 429272 0.003589
723052 403028 0.003609
737083 423880 0.003588
732452 422208 0.003572
736448 417979 0.003580
741352 406342 0.003586
817831 406537 0.003658
734183 420910 0.003590
728303 416860 0.003594
760087 433465 0.003612
746801 445288 0.003615
726022 424394 0.003602
731700 411915 0.003598
727707 394440 0.003580
757837 452885 0.003618
715345 393913 0.003576
756315 411088 0.003646
756453 439728 0.003587
768773 431674 0.003583
717130 399812 0.003583
767121 410363 0.003625
736557 385277 0.003578
796464 459239 0.003651
708574 415321 0.003617
812068 457494 0.003659
796937 476879 0.003670
757632 442047 0.003648
776910 443308 0.003633
782250 468397 0.003676
770303 433320 0.003632
808001 423329 0.003663
769871 448221 0.003652
740044 433313 0.003617
754335 416989 0.003587
729844 424936 0.003537
790488 389995 0.003604
771138 488272 0.003627
761738 427844 0.003593
754018 420039 0.003590
731204 407137 0.003591
737433 418150 0.003610
790548 452480 0.003654
740729 433906 0.003631
747602 440404 0.003588
759469 414081 0.003618
739948 403193 0.003599
748552 430887 0.003569
743601 429836 0.003590
723755 400429 0.003581
760023 400716 0.003692
729003 445177 0.003594
782564 435051 0.003622
736150 403100 0.003586
780455 477891 0.003621