70 60 0.000002
71 79 0.000002
68 61 0.000001
63 63 0.000001
60 54 0.000001
75 72 0.000001
82 70 0.000001
65 60 0.000002
95 65 0.000001
80 76 0.000001
69 71 0.000001
63 53 0.000002
65 60 0.000002
71 62 0.000002
62 58 0.000002
68 52 0.000001
66 55 0.000001
66 51 0.000030
59 52 0.000001
70 62 0.000002
66 56 0.000001
74 73 0.000001
60 54 0.000002
74 69 0.000001
63 62 0.000001
58 50 0.000001
66 65 0.000001
64 52 0.000001
74 74 0.000001
64 52 0.000001
67 59 0.000000
76 58 0.000001
84 77 0.000001
62 51 0.000001
73 57 0.000000
83 68 0.000001
70 67 0.000001
67 50 0.000001
63 63 0.000001
75 69 0.000001
65 61 0.000001
59 53 0.000001
60 59 0.000001
59 51 0.000001
87 70 0.000001
76 79 0.000001
71 57 0.000001
75 63 0.000001
86 89 0.000001
68 64 0.000001
63 65 0.000001
63 54 0.000001
75 75 0.000000
71 66 0.000001
64 45 0.000001
67 63 0.000000
68 73 0.000001
67 50 0.000001
88 75 0.000001
72 70 0.000001
59 54 0.000001
74 77 0.000000
66 49 0.000001
74 75 0.000001
68 54 0.000001
74 69 0.000001
61 58 0.000001
72 67 0.000001
78 85 0.000001
73 63 0.000001
66 70 0.000001
79 58 0.000001
71 68 0.000001
70 61 0.000001
64 55 0.000000
63 53 0.000001
70 68 0.000001
72 69 0.000001
66 72 0.000001
72 72 0.000001
78 52 0.000001
63 63 0.000001
70 67 0.000001
68 49 0.000000
81 69 0.000001
66 66 0.000001
82 54 0.000001
86 44 0.000001
71 57 0.000001
65 71 0.000001
68 55 0.000001
72 58 0.000001
69 60 0.000001
63 66 0.000000
72 75 0.000001
92 59 0.000001
80 64 0.000001
84 56 0.000001
60 62 0.000001
65 56 0.000000

162 125 0.000002
161 152 0.000002
159 138 0.000001
179 142 0.000002
165 125 0.000002
198 140 0.000001
184 132 0.000002
264 178 0.000002
177 150 0.000001
178 129 0.000002
231 228 0.000002
186 162 0.000001
169 123 0.000002
181 159 0.000002
181 134 0.000001
189 138 0.000002
212 152 0.000002
179 127 0.000001
173 153 0.000002
156 120 0.000001
187 116 0.000002
202 153 0.000002
192 123 0.000001
194 126 0.000002
209 149 0.000001
195 161 0.000002
195 127 0.000002
162 133 0.000001
191 143 0.000002
181 118 0.000002
239 158 0.000001
196 127 0.000002
195 150 0.000002
195 148 0.000002
189 142 0.000002
174 127 0.000001
185 163 0.000002
215 139 0.000002
185 173 0.000001
207 158 0.000002
188 140 0.000002
166 158 0.000002
199 169 0.000001
207 140 0.000002
187 122 0.000002
290 230 0.000001
190 141 0.000002
196 170 0.000002
162 151 0.000001
227 145 0.000002
179 157 0.000002
179 114 0.000001
185 182 0.000002
163 117 0.000001
162 145 0.000002
215 157 0.000002
192 160 0.000001
246 244 0.000002
196 183 0.000001
183 160 0.000002
183 141 0.000002
176 160 0.000001
217 135 0.000002
161 141 0.000001
192 146 0.000002
165 111 0.000002
204 172 0.000001
208 180 0.000002
182 157 0.000002
191 156 0.000001
190 134 0.000002
174 161 0.000002
179 174 0.000001
154 127 0.000002
177 157 0.000002
203 139 0.000001
199 184 0.000002
188 132 0.000001
195 165 0.000002
161 133 0.000002
187 136 0.000001
185 123 0.000002
158 141 0.000001
197 185 0.000002
200 180 0.000002
245 176 0.000002
169 156 0.000001
186 139 0.000002
209 166 0.000001
208 116 0.000002
198 144 0.000002
213 183 0.000002
163 120 0.000001
167 139 0.000001
188 124 0.000002
172 150 0.000002
192 139 0.000001
211 135 0.000002
194 141 0.000002
187 153 0.000002

416 296 0.000003
571 383 0.000003
422 339 0.000003
535 338 0.000004
443 298 0.000003
407 295 0.000003
489 352 0.000003
415 320 0.000003
457 319 0.000003
432 355 0.000003
501 385 0.000004
444 337 0.000003
481 304 0.000003
553 394 0.000004
470 387 0.000003
433 286 0.000003
520 386 0.000004
506 379 0.000003
449 332 0.000003
435 350 0.000004
442 331 0.000003
506 346 0.000004
481 383 0.000003
491 341 0.000003
450 353 0.000004
557 363 0.000003
453 323 0.000003
528 323 0.000003
478 354 0.000003
464 325 0.000003
439 362 0.000004
447 343 0.000004
505 400 0.000003
479 388 0.000003
424 355 0.000003
478 348 0.000003
477 328 0.000003
467 332 0.000003
481 390 0.000004
576 361 0.000004
443 291 0.000003
513 363 0.000003
485 402 0.000003
456 353 0.000003
485 335 0.000004
483 345 0.000003
478 313 0.000003
491 336 0.000003
519 285 0.000003
455 271 0.000003
474 352 0.000003
456 299 0.000003
501 388 0.000003
511 305 0.000003
486 289 0.000003
498 330 0.000003
440 312 0.000003
490 374 0.000003
464 320 0.000004
465 346 0.000003
528 343 0.000003
451 343 0.000004
441 336 0.000003
442 298 0.000002
532 364 0.000003
485 357 0.000003
470 319 0.000003
647 434 0.000003
508 319 0.000003
447 320 0.000003
592 494 0.000003
543 447 0.000003
589 423 0.000004
479 381 0.000004
534 352 0.000003
457 311 0.000003
444 301 0.000003
449 321 0.000002
544 483 0.000003
517 350 0.000003
449 348 0.000004
565 445 0.000003
484 285 0.000003
486 374 0.000003
525 391 0.000003
437 364 0.000003
517 399 0.000003
425 348 0.000003
525 372 0.000003
484 416 0.000003
543 327 0.000004
578 413 0.000004
509 376 0.000003
544 399 0.000003
471 374 0.000004
422 326 0.000003
474 380 0.000003
448 308 0.000003
492 393 0.000004
507 406 0.000003

1196 886 0.000007
1176 787 0.000007
1227 804 0.000007
1116 761 0.000007
1065 761 0.000006
1123 837 0.000007
1203 957 0.000007
1243 949 0.000007
1264 802 0.000006
1335 810 0.000007
1183 727 0.000007
1163 738 0.000006
1143 841 0.000006
1130 922 0.000006
1081 754 0.000006
1122 883 0.000007
1304 710 0.000007
1058 822 0.000006
1319 917 0.000006
1175 848 0.000006
1081 779 0.000007
1205 848 0.000007
1035 715 0.000006
1173 775 0.000007
1203 802 0.000007
1126 719 0.000007
1058 812 0.000006
1186 799 0.000007
1239 729 0.000007
1182 867 0.000007
1188 915 0.000006
1284 709 0.000007
1140 716 0.000006
1197 802 0.000007
1050 745 0.000006
1068 697 0.000006
1087 746 0.000007
1134 857 0.000006
1090 850 0.000006
1224 946 0.000007
1250 909 0.000007
1079 752 0.000007
1065 752 0.000006
1097 778 0.000006
1124 779 0.000006
1146 730 0.000006
1134 856 0.000007
1281 905 0.000006
1188 804 0.000007
1383 790 0.000007
1114 628 0.000006
1060 808 0.000007
1324 982 0.000007
1073 689 0.000006
1140 841 0.000006
1141 949 0.000007
1132 815 0.000007
1190 795 0.000007
1173 633 0.000006
1052 693 0.000007
1151 715 0.000006
1145 842 0.000006
1177 919 0.000007
1141 722 0.000007
1227 932 0.000007
1243 827 0.000007
1094 666 0.000006
1276 1003 0.000007
1213 902 0.000007
1161 777 0.000007
1118 843 0.000007
1109 671 0.000007
1209 749 0.000006
1110 732 0.000006
1183 845 0.000007
1177 651 0.000007
1316 892 0.000007
1057 717 0.000006
1052 765 0.000007
1073 677 0.000008
1220 928 0.000007
1008 666 0.000006
1186 674 0.000006
1120 825 0.000007
1125 726 0.000007
1132 806 0.000006
1210 758 0.000006
1045 640 0.000007
1265 713 0.000007
1281 846 0.000007
1152 674 0.000006
1195 909 0.000007
1207 840 0.000007
1124 862 0.000007
1436 1099 0.000007
1109 667 0.000006
1140 817 0.000007
1225 833 0.000007
1047 797 0.000007
1133 831 0.000006

2583 1726 0.000014
2648 1832 0.000014
2726 1466 0.000013
2746 1704 0.000014
2905 2196 0.000014
2793 1755 0.000014
2802 2029 0.000014
2756 1793 0.000014
2657 1964 0.000014
2790 1850 0.000014
2489 1427 0.000013
2820 1738 0.000014
2688 1798 0.000014
2818 1956 0.000014
3056 2130 0.000015
2596 1870 0.000013
2952 1956 0.000014
2689 1948 0.000013
3134 2178 0.000015
2626 1838 0.000014
2890 1716 0.000014
2647 1665 0.000014
3259 2216 0.000015
2744 1798 0.000014
2774 1897 0.000014
2562 1850 0.000013
2818 1956 0.000014
2740 1935 0.000014
3003 1978 0.000014
2816 1607 0.000014
2632 1742 0.000013
3361 1972 0.000015
2747 1950 0.000013
2920 1975 0.000014
2717 1813 0.000014
2927 1807 0.000015
2953 1959 0.000015
2904 1778 0.000015
3086 2193 0.000015
2840 1803 0.000014
2791 1893 0.000014
2593 1731 0.000013
3023 2210 0.000015
2780 1701 0.000014
2913 2175 0.000014
2963 1840 0.000014
2421 1711 0.000013
2590 1765 0.000013
2990 1846 0.000014
2571 1699 0.000014
2611 1828 0.000013
3746 2716 0.000016
3479 1962 0.000016
2642 1738 0.000014
2690 1803 0.000013
2912 1940 0.000015
2778 1789 0.000014
2799 1627 0.000014
2845 1747 0.000014
2644 1974 0.000013
2617 1637 0.000014
2582 1735 0.000014
2889 1860 0.000014
2751 1687 0.000013
2626 1544 0.000014
3236 1879 0.000015
2542 1506 0.000013
2959 1922 0.000014
2603 1725 0.000013
2707 1785 0.000014
2664 1871 0.000014
2926 1980 0.000014
2780 1843 0.000014
2722 1755 0.000013
3321 1770 0.000015
2932 1961 0.000015
3347 1966 0.000015
3095 2208 0.000014
2862 1622 0.000014
2957 1902 0.000014
2735 1708 0.000013
2790 1816 0.000014
2710 1618 0.000014
3348 2284 0.000015
2701 1687 0.000014
2807 1758 0.000014
2718 1776 0.000014
3126 2268 0.000015
2901 1787 0.000014
2516 1489 0.000013
2714 1716 0.000014
3331 1984 0.000015
2897 1979 0.000014
2701 1743 0.000016
2699 1870 0.000014
2548 1650 0.000014
2828 1918 0.000014
2904 2173 0.000014
2779 1993 0.000014
2578 1705 0.000014

6871 3972 0.000030
6509 4117 0.000029
6492 4121 0.000029
6594 4070 0.000030
6437 3769 0.000030
6446 4489 0.000030
6707 3850 0.000030
6137 4119 0.000028
6350 3989 0.000029
7485 5227 0.000031
6122 3825 0.000045
6149 4042 0.000030
6027 4126 0.000029
6368 4631 0.000029
5991 4039 0.000028
7487 4177 0.000031
6440 3794 0.000029
6159 3816 0.000029
6127 3857 0.000028
6310 4018 0.000029
5919 3605 0.000028
6405 3934 0.000029
5891 3990 0.000028
6105 3730 0.000029
6216 4349 0.000028
6128 3739 0.000029
6346 4403 0.000029
6655 3797 0.000030
6331 4381 0.000029
6697 4475 0.000031
6335 4179 0.000029
6106 4074 0.000029
6787 4178 0.000030
6125 4213 0.000028
6061 3357 0.000028
6853 4469 0.000030
6657 3914 0.000029
6441 4533 0.000029
6405 3513 0.000029
6734 5133 0.000030
6670 4775 0.000029
6539 3874 0.000029
6868 4346 0.000030
6013 3479 0.000028
6308 4601 0.000028
6078 3635 0.000028
6205 3718 0.000029
6211 3727 0.000029
6529 4405 0.000029
5869 3692 0.000028
6021 3773 0.000029
5956 3920 0.000029
6145 4509 0.000028
6458 3939 0.000030
6777 4943 0.000029
5888 4109 0.000029
6376 4155 0.000028
6645 4384 0.000030
7333 4334 0.000031
5903 3993 0.000028
6214 3685 0.000029
6408 3607 0.000029
6219 3792 0.000029
6356 4572 0.000029
7095 5218 0.000030
6541 4135 0.000030
6477 4314 0.000030
5947 3749 0.000028
6067 4416 0.000028
6339 4062 0.000029
6355 4255 0.000029
7358 4406 0.000031
6084 4157 0.000028
6910 3968 0.000030
6581 3901 0.000029
5942 3462 0.000028
5868 3918 0.000028
6459 4180 0.000029
6229 3694 0.000028
6425 4263 0.000029
6134 3530 0.000029
6107 4039 0.000028
6178 4052 0.000029
5975 3499 0.000028
6788 4717 0.000030
7845 4324 0.000032
6328 4261 0.000029
6140 4113 0.000029
7109 3830 0.000030
6221 3732 0.000029
7164 4595 0.000030
6248 3830 0.000029
7010 3993 0.000030
6215 3992 0.000029
6359 3895 0.000029
6282 3643 0.000029
7081 4656 0.000031
7224 4949 0.000030
6178 3786 0.000029
6069 3802 0.000027

15372 9181 0.000063
14993 8113 0.000063
15001 8314 0.000062
14294 8508 0.000062
14214 9896 0.000060
14794 8877 0.000062
14982 9413 0.000062
15059 8601 0.000063
14029 9137 0.000060
15680 9694 0.000063
14531 9347 0.000065
14673 8925 0.000062
14465 8710 0.000061
14608 9539 0.000061
15658 9465 0.000064
14709 8056 0.000062
16018 9323 0.000064
14853 8607 0.000061
14484 8943 0.000061
14013 8958 0.000060
14944 9302 0.000062
14451 10286 0.000062
15400 9898 0.000063
14386 8607 0.000060
13743 7777 0.000059
14689 8037 0.000061
13765 9165 0.000060
14920 8259 0.000062
13574 8073 0.000060
15493 9453 0.000064
13908 8073 0.000061
13699 9341 0.000060
13842 7823 0.000060
15074 10043 0.000063
16111 8403 0.000064
14778 8385 0.000063
15217 10026 0.000062
13795 9356 0.000060
14600 8022 0.000062
13592 8720 0.000059
14666 7555 0.000061
15253 9762 0.000063
14595 8974 0.000062
14443 8526 0.000061
16404 7954 0.000065
14263 7860 0.000061
15100 9249 0.000062
15312 8795 0.000063
15654 9043 0.000063
13348 8371 0.000059
15074 9149 0.000062
14607 9022 0.000062
16022 11293 0.000065
14306 9258 0.000061
14319 8576 0.000061
15418 10481 0.000064
14306 9321 0.000062
15353 7782 0.000063
14317 9126 0.000061
14641 8024 0.000062
15915 9866 0.000063
14924 8062 0.000062
14479 9600 0.000061
13456 7766 0.000079
15020 8335 0.000062
14839 8151 0.000062
13320 8561 0.000059
13297 8289 0.000059
14971 9824 0.000062
13687 7957 0.000060
13831 8691 0.000059
14471 9602 0.000061
14433 8938 0.000061
14894 10526 0.000062
14112 8271 0.000061
15184 8669 0.000062
13110 8329 0.000059
13565 9220 0.000060
14024 7965 0.000059
15187 9098 0.000063
14551 9925 0.000061
14113 8849 0.000061
13400 9166 0.000059
15874 7730 0.000066
14930 10484 0.000063
13396 7929 0.000059
14081 8155 0.000061
14954 9108 0.000063
17534 12669 0.000068
14499 9379 0.000062
14672 10335 0.000062
14743 9166 0.000061
14434 8276 0.000061
17550 11727 0.000068
15677 8434 0.000062
14624 9235 0.000062
14120 8317 0.000061
14273 8844 0.000061
13638 8360 0.000060
13648 9051 0.000059

31795 19429 0.000128
34886 20108 0.000134
33169 20395 0.000131
31285 20984 0.000127
31914 19305 0.000129
31620 19524 0.000127
31373 18803 0.000128
34151 21751 0.000132
32617 18760 0.000130
33042 21799 0.000130
29348 17795 0.000123
30872 18060 0.000125
30034 19567 0.000125
32051 19603 0.000128
33702 19511 0.000132
33855 20442 0.000132
34419 22312 0.000134
33406 20882 0.000131
33691 22621 0.000132
31708 18717 0.000128
31199 18932 0.000127
31895 19492 0.000129
35325 21991 0.000135
31331 19694 0.000127
32038 20778 0.000128
30798 19309 0.000126
32246 20745 0.000128
32000 20645 0.000128
33345 19142 0.000131
32829 21340 0.000130
32126 19370 0.000129
31864 19650 0.000129
32606 20198 0.000129
31032 17196 0.000144
32423 18295 0.000128
31926 18125 0.000128
34508 20854 0.000133
30714 19950 0.000126
31847 18698 0.000128
35668 22053 0.000136
31078 18057 0.000127
32708 21733 0.000130
32623 19335 0.000130
32156 18657 0.000128
35768 17195 0.000136
35311 18068 0.000135
33139 20855 0.000131
33402 22045 0.000131
32226 21089 0.000129
34587 19960 0.000135
32580 19828 0.000130
34339 21399 0.000133
30761 18805 0.000126
31826 18548 0.000129
32704 20301 0.000130
32507 18451 0.000128
31770 20105 0.000129
32240 18873 0.000130
31650 18286 0.000128
30822 18486 0.000141
32517 19956 0.000129
35680 22995 0.000135
34535 17899 0.000134
34822 21768 0.000134
31389 19862 0.000127
33834 21243 0.000131
31559 19158 0.000126
32853 18413 0.000130
31762 19604 0.000128
34850 19582 0.000133
32510 18252 0.000129
33602 21492 0.000131
32565 21388 0.000129
35095 20556 0.000134
31579 17355 0.000129
32635 20476 0.000130
32273 20912 0.000129
32939 18819 0.000129
32465 18791 0.000128
30817 18241 0.000125
31189 18151 0.000126
31162 18895 0.000124
31890 18083 0.000127
30867 18090 0.000126
32116 19785 0.000128
35303 19215 0.000152
32116 18769 0.000128
33413 18672 0.000131
30712 20142 0.000125
33501 20292 0.000130
33123 20434 0.000130
32724 21001 0.000129
39631 22866 0.000142
33530 19986 0.000132
32258 18765 0.000129
32886 21033 0.000130
32505 20057 0.000139
33731 19492 0.000131
31451 18008 0.000127
32963 20452 0.000130

69057 43764 0.000268
72391 47121 0.000276
73003 43819 0.000274
68667 39341 0.000268
69143 41892 0.000267
80267 47489 0.000292
70422 42111 0.000270
68757 39001 0.000265
67204 40733 0.000263
73789 40032 0.000274
69897 44656 0.000269
73259 41525 0.000274
74574 40986 0.000277
73817 41364 0.000276
73629 40211 0.000275
72959 48408 0.000275
69365 42079 0.000268
84037 51652 0.000314
72233 48879 0.000271
69486 43616 0.000267
68251 40654 0.000265
78687 48539 0.000287
68701 40414 0.000266
78514 43784 0.000284
72304 41564 0.000272
71088 43010 0.000269
70150 40152 0.000267
74895 43573 0.000278
74234 42297 0.000275
78269 46324 0.000293
75856 42575 0.000280
75142 44107 0.000277
73741 48672 0.000277
75929 46249 0.000281
68019 40576 0.000263
75971 51494 0.000280
68633 40329 0.000266
70088 43938 0.000269
72858 37971 0.000273
71232 38114 0.000270
71302 44729 0.000271
69185 40576 0.000266
73302 43452 0.000272
72844 42529 0.000273
69114 41367 0.000267
66557 39657 0.000260
70521 37839 0.000269
70175 41699 0.000268
68882 41252 0.000264
74689 44575 0.000277
73098 42501 0.000274
75231 37920 0.000277
73118 45579 0.000276
72025 48918 0.000273
76354 44872 0.000285
69658 42618 0.000268
69929 43555 0.000269
73069 43537 0.000272
74839 50810 0.000279
74851 44050 0.000277
72523 40134 0.000272
72083 44721 0.000272
77379 48347 0.000283
88777 49254 0.000304
74304 42155 0.000274
85103 51346 0.000298
81484 50803 0.000298
72251 44348 0.000272
74920 44141 0.000279
71459 40904 0.000272
73859 45591 0.000276
70133 45220 0.000268
84550 52132 0.000297
72327 40770 0.000271
67594 41435 0.000264
76356 40168 0.000279
73235 42839 0.000275
75732 49670 0.000280
72251 45200 0.000280
76574 45214 0.000281
74566 45649 0.000276
75478 46276 0.000280
72183 42649 0.000271
70491 42785 0.000270
69450 43473 0.000272
78291 44772 0.000283
70502 41862 0.000269
70898 43055 0.000269
68165 39145 0.000264
70194 37715 0.000269
72149 45536 0.000271
73603 44795 0.000282
77441 44239 0.000284
76527 50334 0.000283
67975 42030 0.000266
71465 44182 0.000271
67712 42680 0.000264
67914 39256 0.000264
73479 41542 0.000277
70780 37977 0.000269

178433 109314 0.000615
166890 93371 0.000599
162167 97559 0.000578
160391 98321 0.000578
169132 98114 0.000591
160927 102483 0.000576
155992 90210 0.000567
159825 86601 0.000581
148505 87516 0.000554
151664 89544 0.000558
150858 85601 0.000557
157975 88570 0.000569
154519 94210 0.000563
149970 86931 0.000561
162372 83777 0.000580
156032 89152 0.000567
155445 86787 0.000569
171339 112343 0.000600
160623 93753 0.000576
190560 105408 0.000642
163851 105663 0.000581
154214 91437 0.000563
154353 100225 0.000566
157981 90576 0.000573
165774 98811 0.000587
153667 92257 0.000566
159392 87751 0.000572
166920 96741 0.000586
159163 90948 0.000573
156132 90397 0.000566
145835 81264 0.000547
153667 81570 0.000570
159196 97089 0.000577
153224 92383 0.000558
158846 86403 0.000571
167210 100135 0.000589
156897 86161 0.000567
168050 93345 0.000599
162578 100992 0.000581
163726 82981 0.000581
157919 91069 0.000569
160621 103737 0.000580
152163 85688 0.000559
163873 105433 0.000589
154521 93964 0.000563
161058 98773 0.000575
164793 92316 0.000583
155887 94052 0.000569
160984 93483 0.000579
157443 92141 0.000575
162174 96103 0.000578
154356 95182 0.000563
162413 100798 0.000576
161825 90906 0.000606
166529 92186 0.000589
156371 93561 0.000569
159889 94923 0.000572
154746 86442 0.000565
161081 101571 0.000576
168428 104336 0.000594
155709 88466 0.000566
160121 92424 0.000572
162977 97661 0.000580
154369 87770 0.000566
158954 87785 0.000574
159581 94186 0.000573
156118 94556 0.000584
163135 91968 0.000580
156907 98003 0.000570
154934 90994 0.000563
157319 91456 0.000570
165393 100054 0.000586
158036 85404 0.000583
162385 97179 0.000580
156532 87133 0.000567
160512 92249 0.000577
168375 99708 0.000591
156618 87043 0.000567
157241 94509 0.000587
171027 96628 0.000595
163539 94505 0.000583
155393 87079 0.000565
162048 99615 0.000577
152816 94830 0.000563
156224 97849 0.000576
160432 90676 0.000576
160615 99781 0.000576
154444 93937 0.000564
164635 104704 0.000582
148852 87327 0.000553
168651 99744 0.000608
165818 85649 0.000585
157216 87046 0.000570
157557 88190 0.000568
153286 94429 0.000561
153449 92097 0.000563
151652 85134 0.000564
170945 102775 0.000595
160407 100330 0.000575
165264 104176 0.000582

367829 184413 0.001236
345906 201526 0.001205
349842 201735 0.001207
338641 184280 0.001179
350394 203354 0.001211
359772 208659 0.001226
355150 202345 0.001225
340295 190606 0.001184
331034 191799 0.001167
339106 214545 0.001195
332585 204296 0.001179
341093 179523 0.001189
380335 208292 0.001277
344626 205873 0.001199
337324 183153 0.001183
372076 224912 0.001268
363741 193583 0.001232
344270 184532 0.001194
346848 203618 0.001210
333226 188869 0.001171
352419 211196 0.001213
343170 195401 0.001197
356595 207953 0.001223
346677 215462 0.001205
336887 195864 0.001183
338207 210881 0.001180
349787 197631 0.001215
359967 188130 0.001230
356802 218597 0.001222
340962 193832 0.001191
345869 189996 0.001198
375345 236901 0.001259
356784 212076 0.001229
335704 207535 0.001180
344667 199605 0.001192
332085 207417 0.001178
344579 201103 0.001198
364437 220146 0.001232
347732 185446 0.001217
358283 203852 0.001219
361831 209744 0.001230
341480 191399 0.001188
347657 185508 0.001202
344867 203091 0.001204
329476 205713 0.001173
344831 217027 0.001200
379366 220498 0.001278
338489 191947 0.001192
328761 195014 0.001169
369797 218042 0.001260
366777 216801 0.001235
351629 218678 0.001213
373552 182769 0.001266
347524 200485 0.001203
344400 198049 0.001195
360827 210069 0.001240
361871 186900 0.001227
339356 194986 0.001190
357625 215285 0.001224
346432 201247 0.001205
372970 198005 0.001257
321234 190568 0.001153
336088 203970 0.001180
353471 197941 0.001225
347775 191711 0.001201
349445 194884 0.001208
330329 186538 0.001178
347765 189250 0.001204
353436 180162 0.001214
339124 192902 0.001192
355506 199865 0.001230
352105 205181 0.001219
363501 208924 0.001248
350635 201660 0.001205
332333 204232 0.001173
369953 203133 0.001245
360672 180758 0.001226
358611 202795 0.001231
356168 198642 0.001222
335996 210551 0.001177
345038 192562 0.001204
349372 194609 0.001205
346070 189551 0.001197
360065 203418 0.001233
337690 187546 0.001187
371372 194776 0.001247
348545 205832 0.001219
384405 217808 0.001272
340835 200644 0.001190
349380 202433 0.001215
345089 202820 0.001196
345514 194319 0.001202
378583 204170 0.001262
328101 187522 0.001164
332187 192711 0.001186
347434 211677 0.001204
360207 211803 0.001232
365191 199710 0.001248
346831 203234 0.001200
340099 192675 0.001185

787525 455406 0.002597
733154 460503 0.002509
779190 460364 0.002573
741462 424062 0.002491
780722 414394 0.002579
753645 439573 0.002524
736325 453818 0.002486
770730 415187 0.002551
766355 421890 0.002545
725377 425029 0.002469
729380 413035 0.002481
747473 412444 0.002517
736255 396711 0.002493
758234 442303 0.002533
721230 400533 0.002457
722395 407194 0.002464
749742 441365 0.002525
725264 438440 0.002460
716431 426792 0.002444
811884 513465 0.002642
758515 436404 0.002543
743521 428891 0.002491
758122 458721 0.002535
784750 411264 0.002594
749581 457978 0.002517
771955 433541 0.002565
739634 432274 0.002499
731176 405579 0.002481
738474 423480 0.002492
788817 437773 0.002592
787466 499861 0.002600
773068 446893 0.002562
759455 419251 0.002534
743064 422977 0.002504
748498 398449 0.002511
750469 436734 0.002530
734207 389639 0.002475
751211 419540 0.002525
725273 438856 0.002480
741650 451198 0.002511
793892 482233 0.002602
752059 452629 0.002519
738820 401302 0.002518
728935 413528 0.002464
754971 401068 0.002516
750554 454562 0.002520
740273 429749 0.002504
746392 433979 0.002499
723337 428585 0.002466
778323 465624 0.002580
732610 436149 0.002478
795322 509121 0.002602
734980 426419 0.002505
770452 468916 0.002569
717298 424126 0.002466
716398 402462 0.002444
737977 430619 0.002501
735433 412419 0.002494
728723 425623 0.002473
725969 411118 0.002470
752794 441845 0.002535
745471 391637 0.002513
774586 428318 0.002561
784226 473659 0.002581
719048 426806 0.002460
740594 425560 0.002487
745700 436846 0.002506
793791 418746 0.002619
741497 425183 0.002506
751336 430938 0.002520
727922 424085 0.002480
807842 528227 0.002631
765280 460385 0.002558
763677 423950 0.002537
737484 431232 0.002501
749831 422031 0.002527
719867 430774 0.002458
720058 425636 0.002452
755516 433346 0.002527
765022 428172 0.002547
736848 463974 0.002489
724166 404556 0.002476
775074 430896 0.002570
727767 422591 0.002485
743016 444148 0.002496
719931 414708 0.002456
723119 410248 0.002464
808699 471337 0.002633
728830 436219 0.002471
755736 463264 0.002539
717957 425249 0.002473
764649 418719 0.002537
733898 408639 0.002486
849484 503522 0.002715
761390 442650 0.002545
757349 456244 0.002522
741402 391696 0.002501
824646 420791 0.002675
740279 443411 0.002501
782401 442380 0.002577