73 63 0.000002
70 72 0.000001
70 65 0.000001
69 52 0.000000
64 51 0.000001
63 66 0.000001
79 73 0.000001
74 50 0.000001
72 61 0.000001
61 54 0.000001
70 53 0.000001
71 61 0.000001
66 58 0.000001
68 59 0.000001
69 71 0.000001
63 59 0.000001
71 52 0.000000
71 46 0.000001
77 67 0.000001
91 70 0.000000
89 75 0.000001
70 68 0.000001
62 59 0.000000
86 73 0.000001
58 59 0.000001
74 79 0.000000
69 61 0.000001
101 69 0.000001
78 63 0.000001
80 74 0.000001
73 76 0.000001
61 54 0.000001
67 52 0.000001
82 55 0.000001
72 67 0.000000
82 80 0.000001
92 70 0.000001
65 57 0.000000
79 41 0.000001
64 61 0.000001
59 63 0.000000
85 82 0.000001
74 75 0.000001
71 62 0.000000
67 56 0.000001
64 49 0.000001
86 66 0.000001
61 51 0.000001
56 53 0.000000
58 55 0.000001
79 73 0.000001
60 58 0.000001
69 59 0.000001
60 53 0.000001
72 54 0.000001
76 65 0.000001
65 61 0.000001
77 70 0.000001
69 59 0.000001
71 66 0.000000
74 65 0.000001
59 48 0.000001
70 58 0.000001
59 49 0.000001
64 63 0.000000
65 53 0.000001
74 82 0.000001
86 72 0.000001
72 72 0.000001
92 67 0.000001
70 54 0.000001
67 49 0.000000
58 55 0.000001
63 63 0.000000
68 69 0.000001
75 72 0.000001
63 58 0.000001
61 65 0.000001
74 62 0.000001
67 53 0.000001
67 65 0.000001
65 61 0.000000
63 53 0.000001
60 45 0.000000
76 72 0.000001
62 53 0.000001
75 53 0.000000
61 63 0.000001
92 103 0.000001
70 50 0.000001
71 53 0.000001
63 58 0.000000
77 83 0.000001
65 43 0.000001
71 71 0.000000
80 76 0.000001
82 82 0.000001
64 47 0.000001
62 64 0.000001
67 52 0.000001

185 180 0.000001
213 112 0.000002
218 223 0.000002
218 167 0.000002
186 152 0.000002
173 140 0.000002
211 170 0.000001
188 142 0.000002
169 147 0.000001
178 136 0.000001
172 138 0.000002
163 132 0.000001
196 117 0.000002
278 209 0.000001
177 142 0.000002
240 166 0.000001
205 119 0.000001
190 167 0.000002
172 138 0.000001
221 144 0.000002
197 169 0.000001
165 147 0.000002
191 153 0.000001
175 158 0.000002
181 151 0.000001
187 126 0.000001
211 142 0.000002
168 146 0.000002
172 161 0.000001
196 146 0.000002
186 151 0.000001
184 143 0.000001
204 172 0.000001
178 123 0.000001
177 148 0.000002
215 203 0.000001
186 135 0.000002
186 129 0.000001
201 199 0.000002
203 151 0.000001
179 134 0.000002
235 222 0.000001
170 138 0.000002
181 169 0.000001
179 132 0.000002
183 145 0.000001
167 118 0.000002
162 138 0.000001
193 156 0.000002
200 136 0.000001
220 161 0.000002
187 180 0.000001
182 141 0.000002
172 138 0.000001
232 158 0.000002
182 160 0.000001
202 145 0.000002
200 140 0.000001
160 135 0.000002
199 123 0.000001
171 128 0.000001
182 128 0.000002
186 149 0.000001
189 142 0.000002
199 133 0.000001
189 176 0.000002
188 135 0.000001
199 140 0.000002
172 136 0.000001
209 177 0.000002
194 166 0.000001
183 137 0.000002
198 148 0.000001
177 135 0.000001
172 138 0.000002
229 168 0.000001
174 114 0.000002
212 187 0.000001
169 135 0.000002
186 135 0.000001
184 150 0.000002
184 137 0.000001
166 117 0.000002
187 156 0.000001
222 126 0.000002
191 151 0.000001
242 213 0.000002
221 199 0.000001
219 163 0.000002
182 123 0.000001
240 218 0.000002
222 117 0.000001
190 145 0.000001
199 152 0.000002
179 150 0.000002
153 127 0.000001
160 135 0.000001
199 110 0.000002
183 146 0.000001
182 145 0.000002

585 433 0.000003
537 417 0.000003
440 324 0.000003
463 317 0.000003
457 398 0.000003
470 371 0.000002
464 339 0.000003
481 326 0.000003
558 397 0.000002
500 346 0.000003
445 333 0.000003
426 270 0.000003
452 333 0.000003
480 293 0.000002
494 348 0.000003
422 286 0.000003
438 362 0.000003
483 276 0.000002
500 352 0.000003
581 397 0.000003
485 381 0.000002
453 340 0.000003
504 419 0.000003
435 312 0.000003
605 466 0.000004
422 304 0.000003
442 318 0.000003
583 393 0.000003
458 272 0.000003
513 424 0.000003
493 364 0.000003
436 315 0.000002
471 369 0.000002
430 333 0.000003
463 323 0.000003
458 301 0.000003
420 331 0.000002
462 310 0.000003
445 340 0.000003
451 309 0.000003
521 441 0.000002
527 376 0.000003
485 293 0.000003
449 357 0.000002
504 348 0.000003
491 371 0.000003
562 481 0.000004
534 329 0.000003
473 307 0.000003
606 421 0.000003
459 304 0.000003
440 327 0.000003
541 292 0.000003
508 270 0.000003
491 339 0.000003
458 373 0.000003
503 341 0.000003
525 329 0.000003
501 417 0.000003
432 370 0.000003
453 309 0.000003
489 349 0.000002
450 323 0.000003
549 391 0.000003
515 379 0.000002
526 382 0.000003
453 350 0.000003
472 356 0.000003
514 349 0.000003
561 338 0.000003
487 332 0.000003
468 353 0.000003
483 329 0.000003
455 348 0.000003
418 295 0.000003
452 318 0.000003
557 386 0.000003
584 315 0.000002
534 319 0.000003
489 336 0.000003
523 307 0.000002
455 363 0.000003
471 332 0.000003
513 364 0.000003
453 270 0.000002
455 365 0.000003
573 441 0.000003
442 373 0.000003
478 332 0.000002
458 345 0.000003
536 286 0.000003
451 271 0.000003
440 360 0.000002
449 368 0.000003
455 363 0.000003
435 285 0.000003
518 438 0.000002
496 353 0.000003
484 403 0.000003
412 335 0.000003

1054 826 0.000006
1294 1073 0.000006
1085 745 0.000005
1130 758 0.000006
1046 790 0.000006
1223 776 0.000006
1211 799 0.000006
1180 809 0.000005
1134 717 0.000005
1180 825 0.000005
1072 703 0.000005
1132 801 0.000006
1050 738 0.000006
1288 730 0.000006
1042 703 0.000006
1171 678 0.000006
1202 592 0.000006
1209 780 0.000007
1339 739 0.000006
1218 947 0.000006
1188 660 0.000006
1420 884 0.000007
1140 781 0.000006
1116 588 0.000006
1231 736 0.000006
1114 750 0.000006
1292 890 0.000006
1133 827 0.000006
1081 773 0.000006
1114 667 0.000006
1073 791 0.000006
1207 702 0.000006
1211 906 0.000006
1231 873 0.000006
1142 650 0.000005
1293 841 0.000007
1119 846 0.000006
1104 683 0.000005
1079 773 0.000006
1129 768 0.000006
1351 737 0.000007
1340 847 0.000006
1179 730 0.000006
1076 733 0.000006
1175 735 0.000006
1194 823 0.000006
1311 818 0.000006
1132 847 0.000005
1235 743 0.000005
1224 959 0.000006
1118 886 0.000006
1097 763 0.000006
1168 781 0.000006
1151 857 0.000006
1406 832 0.000007
1320 1075 0.000006
1394 1029 0.000006
1217 1000 0.000006
1058 679 0.000006
1204 753 0.000006
1188 681 0.000006
1087 683 0.000024
1302 761 0.000008
1173 827 0.000006
1391 823 0.000006
1187 828 0.000006
1259 714 0.000006
1092 688 0.000006
1131 725 0.000006
1132 929 0.000006
1083 734 0.000006
1131 813 0.000006
1155 818 0.000006
1241 792 0.000006
1208 738 0.000006
1224 827 0.000006
1195 798 0.000006
1256 940 0.000006
1322 866 0.000006
1150 762 0.000005
1078 769 0.000006
1085 708 0.000006
1162 882 0.000006
1104 693 0.000006
1176 820 0.000006
1132 845 0.000006
1082 724 0.000006
1106 742 0.000006
1201 935 0.000006
1334 841 0.000007
1135 745 0.000006
1155 839 0.000006
1175 851 0.000006
1381 876 0.000006
1156 832 0.000006
1202 818 0.000006
1144 812 0.000006
1283 1005 0.000006
1234 782 0.000006
1139 654 0.000006

2541 1700 0.000012
2708 1566 0.000012
2729 1775 0.000013
2708 1926 0.000012
2735 1816 0.000012
2727 1791 0.000012
2733 1987 0.000013
2684 1645 0.000012
2662 1922 0.000012
2973 2220 0.000013
3191 1972 0.000013
2719 1652 0.000012
2869 2077 0.000013
2710 1802 0.000012
2755 1776 0.000013
2657 1821 0.000012
2717 1816 0.000012
3034 1885 0.000012
2631 2018 0.000012
3151 2381 0.000013
2777 1651 0.000012
2532 1744 0.000012
2730 1832 0.000012
2576 1559 0.000012
3031 2000 0.000014
3274 2033 0.000013
2643 1854 0.000012
2624 1985 0.000012
2541 1788 0.000011
3012 2102 0.000013
3307 2031 0.000013
2764 1968 0.000013
2593 1654 0.000012
2891 2134 0.000013
2547 1606 0.000011
3321 2170 0.000013
3033 2254 0.000013
2790 2069 0.000012
2630 1652 0.000012
2760 2122 0.000012
2733 1847 0.000012
2923 2097 0.000013
2686 1770 0.000012
2552 1704 0.000012
2567 1681 0.000012
2862 1833 0.000013
2775 1987 0.000012
2784 1745 0.000012
2669 1819 0.000013
3321 2387 0.000014
2786 1809 0.000012
3271 1751 0.000013
2684 1925 0.000012
3089 1502 0.000013
2992 1838 0.000012
2694 1807 0.000012
2741 1782 0.000012
2841 1783 0.000012
2862 1791 0.000013
2909 2002 0.000013
3030 2066 0.000012
2992 2274 0.000013
2856 1846 0.000012
2623 1915 0.000012
2868 2037 0.000012
2879 2090 0.000012
2789 1894 0.000012
2790 1984 0.000012
3290 2159 0.000014
2771 2056 0.000012
2577 1739 0.000011
2568 1814 0.000012
2900 1649 0.000013
2695 1590 0.000013
2615 1708 0.000012
2682 1549 0.000013
2777 1777 0.000012
2657 1753 0.000012
2614 1665 0.000012
2897 1761 0.000012
2774 1823 0.000012
2697 1596 0.000012
2620 1563 0.000013
2635 1926 0.000012
2676 1753 0.000012
2884 2116 0.000012
2680 1755 0.000012
2877 1703 0.000013
2798 1946 0.000013
2893 1928 0.000012
2760 2044 0.000012
2790 1558 0.000013
3102 2033 0.000013
2517 1822 0.000012
2981 2150 0.000012
2817 1662 0.000013
3036 2302 0.000012
2851 1909 0.000013
2697 1741 0.000013
2924 1960 0.000013

6631 4561 0.000027
6365 3727 0.000025
6507 3886 0.000026
6679 4789 0.000027
6125 4073 0.000025
6389 4087 0.000026
5827 3903 0.000025
6005 3711 0.000025
6768 4351 0.000026
6223 4000 0.000025
6540 4252 0.000027
6549 3857 0.000026
6442 3914 0.000027
6068 3829 0.000025
6583 3635 0.000027
6038 4174 0.000025
6450 4396 0.000026
6592 3818 0.000027
7269 4385 0.000028
6372 4057 0.000026
6086 4350 0.000025
6702 3564 0.000027
6710 4046 0.000026
6325 4403 0.000026
6948 4616 0.000027
6043 3651 0.000025
6000 4480 0.000025
6423 3798 0.000026
6217 3800 0.000026
5921 3901 0.000025
6209 3986 0.000026
6948 4341 0.000027
7061 4180 0.000027
6495 4278 0.000027
6202 3542 0.000025
6660 4017 0.000026
5935 3892 0.000025
6897 3909 0.000027
6428 3410 0.000026
6519 3921 0.000026
6855 4121 0.000026
6294 4197 0.000025
6188 3917 0.000026
5931 3645 0.000025
5764 3833 0.000025
6455 4022 0.000026
6936 4935 0.000027
6189 3889 0.000026
8009 4349 0.000029
6355 4262 0.000026
6630 4648 0.000027
6878 4983 0.000026
6917 3657 0.000027
7236 4092 0.000027
6497 4833 0.000027
6394 3862 0.000026
6151 3852 0.000026
6135 3801 0.000025
6239 3790 0.000026
6019 4155 0.000026
5839 3703 0.000049
6393 4528 0.000026
6672 4052 0.000026
6832 4131 0.000026
6797 4007 0.000027
6024 4009 0.000025
6326 4305 0.000027
6181 4215 0.000026
6440 4081 0.000026
6386 4287 0.000026
6748 3898 0.000027
6804 4378 0.000027
6287 4296 0.000026
7180 3525 0.000027
6785 3891 0.000027
6889 4204 0.000028
6212 4000 0.000025
6435 3913 0.000027
6354 4470 0.000026
5802 3567 0.000025
6138 4108 0.000026
6579 4206 0.000026
6053 3869 0.000026
6478 4791 0.000026
6694 4870 0.000027
6005 3770 0.000025
5859 3518 0.000025
6085 3868 0.000025
6443 4211 0.000026
6664 4399 0.000027
6420 4085 0.000026
6420 3941 0.000026
6917 4752 0.000026
6750 3922 0.000026
6693 4156 0.000026
5992 3733 0.000025
6624 3721 0.000026
7378 5174 0.000028
7242 4848 0.000027
5999 4106 0.000025

14062 7779 0.000053
14733 8721 0.000055
14063 9407 0.000054
13454 8490 0.000052
14074 8504 0.000054
15743 9009 0.000058
15016 10074 0.000057
14153 8299 0.000053
13687 8669 0.000054
14662 8924 0.000055
14955 8676 0.000055
14295 8735 0.000055
15410 10192 0.000057
13920 9188 0.000054
14104 8325 0.000054
13211 9164 0.000053
14973 10382 0.000055
15276 9570 0.000057
15402 9350 0.000058
15641 10920 0.000058
14745 8501 0.000055
14638 9257 0.000056
13870 8849 0.000054
14717 8277 0.000055
15106 8706 0.000056
14730 10289 0.000056
14482 8766 0.000056
14938 9074 0.000056
15407 10015 0.000057
15711 8913 0.000057
14647 8372 0.000054
14318 9153 0.000055
15957 10031 0.000058
15160 8390 0.000056
13395 7910 0.000052
14974 10348 0.000056
15325 9331 0.000056
14937 9683 0.000056
14272 8117 0.000071
14395 8661 0.000056
15526 9508 0.000057
13774 8871 0.000053
17069 9761 0.000060
14312 8846 0.000054
14183 8874 0.000054
14461 9177 0.000055
14047 8064 0.000054
15137 9378 0.000057
14103 8549 0.000054
13926 8537 0.000054
14721 9435 0.000056
15086 9590 0.000057
16423 11590 0.000059
16999 10828 0.000060
13568 8566 0.000054
14618 9008 0.000055
15222 8851 0.000056
16502 9897 0.000058
14821 9314 0.000055
14728 8809 0.000056
14961 9210 0.000056
15641 10160 0.000058
14880 9709 0.000056
14004 8908 0.000054
15434 9063 0.000057
14914 9566 0.000056
14382 8389 0.000053
15245 9499 0.000057
16407 9487 0.000058
14110 9273 0.000055
14322 9090 0.000055
14753 9189 0.000055
13802 8946 0.000053
14314 8644 0.000055
13464 8747 0.000052
14461 10014 0.000056
13943 9112 0.000054
13569 8489 0.000053
14192 8788 0.000054
14297 9741 0.000055
14766 9542 0.000056
13804 8979 0.000054
14374 9766 0.000055
13347 9001 0.000053
14014 9437 0.000054
15124 10092 0.000056
14224 8150 0.000053
13408 7715 0.000052
14740 9168 0.000055
15567 10379 0.000057
14808 8897 0.000055
14769 8512 0.000056
14878 9114 0.000055
15570 9188 0.000057
14448 8808 0.000055
14834 9113 0.000056
17071 8315 0.000079
14184 9664 0.000054
14399 9193 0.000055
15013 9550 0.000057

32511 18819 0.000116
31999 20479 0.000115
34566 17725 0.000121
31266 19676 0.000115
31739 17973 0.000114
30709 18694 0.000113
31566 20050 0.000115
31780 19276 0.000116
33951 20403 0.000119
33244 21388 0.000117
30781 18942 0.000114
33466 19436 0.000118
31985 20820 0.000118
33557 20241 0.000119
34675 21516 0.000121
32516 22183 0.000117
30026 17899 0.000112
30810 18232 0.000112
34132 22656 0.000120
36028 21762 0.000123
29373 18953 0.000110
30963 18467 0.000113
36275 20536 0.000123
33103 20993 0.000118
32352 22522 0.000116
30882 17475 0.000112
32623 19134 0.000136
30280 17795 0.000112
33717 19284 0.000119
31645 19892 0.000114
32578 20242 0.000117
34576 23137 0.000121
32710 19567 0.000116
31920 19462 0.000116
30997 19477 0.000113
34525 19014 0.000119
31397 19978 0.000114
32458 20465 0.000117
32205 21060 0.000115
33427 21876 0.000118
33299 20969 0.000118
35055 22980 0.000121
32549 20586 0.000116
37349 21630 0.000125
36304 22334 0.000124
31870 18229 0.000115
31380 18950 0.000113
31905 18926 0.000114
32102 19967 0.000116
32077 19771 0.000116
30527 17814 0.000112
33947 19773 0.000119
32663 18499 0.000116
34877 20223 0.000121
34754 22061 0.000123
31584 18894 0.000114
33270 19870 0.000118
31624 21324 0.000114
32816 19516 0.000117
31748 20807 0.000115
32074 18397 0.000116
31320 20184 0.000114
32214 18869 0.000117
33374 20527 0.000119
33612 19625 0.000118
32999 20566 0.000119
33251 19255 0.000118
35989 18802 0.000124
34468 19629 0.000120
32543 19600 0.000117
34682 20286 0.000121
33350 18981 0.000119
32293 20149 0.000116
32012 19358 0.000115
33504 19927 0.000119
32716 19595 0.000117
31713 18527 0.000114
31005 18564 0.000114
35306 20756 0.000121
31501 19532 0.000114
35944 24384 0.000124
32912 19164 0.000135
31523 18128 0.000117
33063 19649 0.000117
32102 20854 0.000115
32030 18348 0.000116
35005 21170 0.000122
37773 21857 0.000127
33816 21620 0.000118
30205 18113 0.000112
32714 18902 0.000115
34505 20469 0.000120
33557 18920 0.000119
36219 22593 0.000123
32593 18323 0.000117
35388 21451 0.000122
31852 19523 0.000115
33926 21622 0.000119
31891 20531 0.000116
31419 19668 0.000114

70982 42982 0.000246
74612 42382 0.000251
69654 39434 0.000242
82877 49202 0.000268
72440 45136 0.000266
74991 51066 0.000254
76119 44978 0.000254
71820 38094 0.000244
78464 47076 0.000260
69805 38496 0.000241
71171 43772 0.000245
75423 45957 0.000251
73276 39758 0.000247
74849 47551 0.000252
69881 43502 0.000243
72552 37860 0.000247
70735 42985 0.000243
68664 40809 0.000257
71314 44283 0.000245
70392 41713 0.000242
73993 47350 0.000250
68874 41529 0.000238
72383 45830 0.000247
80022 45845 0.000261
69459 43549 0.000243
69692 44060 0.000240
78353 46220 0.000261
73818 45601 0.000250
78101 41445 0.000256
78558 47190 0.000259
73075 40621 0.000249
73495 42420 0.000250
69318 41822 0.000240
72809 42273 0.000249
70870 42279 0.000244
68514 39616 0.000238
74939 42695 0.000252
70544 43711 0.000243
72135 43419 0.000247
70590 41324 0.000242
71009 40911 0.000244
71173 46553 0.000244
79064 43759 0.000259
72127 39455 0.000245
69824 43283 0.000261
76899 46556 0.000256
73697 41244 0.000248
78648 45668 0.000259
77914 46791 0.000259
69760 40495 0.000242
69492 42331 0.000241
73688 45933 0.000249
74750 39316 0.000253
73542 41030 0.000249
71919 40948 0.000246
71782 46954 0.000246
74957 43614 0.000251
70308 45652 0.000253
71823 41347 0.000247
72634 39478 0.000247
71515 39894 0.000244
71443 44131 0.000246
73975 48536 0.000251
69987 46211 0.000243
72783 42801 0.000249
74444 43798 0.000251
71772 41194 0.000245
76657 47525 0.000255
70389 41820 0.000244
77956 47233 0.000257
76485 50109 0.000255
78136 46245 0.000259
70262 44664 0.000243
70959 41103 0.000244
69432 43107 0.000242
67773 40258 0.000238
72864 41811 0.000248
72662 43102 0.000247
73145 44156 0.000247
72863 38422 0.000248
70604 42356 0.000243
74342 43288 0.000251
69415 40458 0.000241
69692 42898 0.000242
73133 44292 0.000257
72913 42508 0.000247
69417 42103 0.000240
74436 48096 0.000253
73924 46342 0.000250
69800 38902 0.000242
74657 44014 0.000251
69622 43194 0.000241
74773 46979 0.000253
72546 41584 0.000248
73846 49213 0.000249
78144 43064 0.000257
72775 39819 0.000248
73773 42887 0.000255
73810 41856 0.000250
72987 43414 0.000249

152711 89527 0.000509
155543 89145 0.000516
172961 103451 0.000553
158558 92761 0.000522
158918 86234 0.000523
164442 89418 0.000541
175606 107791 0.000595
158161 92211 0.000569
154625 91592 0.000514
160006 89270 0.000526
155453 92128 0.000515
155946 91599 0.000538
163343 87608 0.000537
157955 94626 0.000521
165340 94548 0.000536
152561 86571 0.000508
151000 87566 0.000507
159231 101370 0.000544
154944 83691 0.000515
149791 83463 0.000503
159222 92099 0.000524
154995 95703 0.000513
153840 95181 0.000513
159649 94236 0.000525
162736 102665 0.000554
167399 86040 0.000538
154262 92077 0.000514
155422 91612 0.000515
173293 102196 0.000554
164715 100024 0.000537
159817 97160 0.000546
171441 105803 0.000549
157364 90117 0.000522
157713 92430 0.000518
158331 86445 0.000521
159605 91959 0.000525
169012 98139 0.000566
151588 88687 0.000508
163212 100407 0.000533
160748 96976 0.000528
151271 84862 0.000507
151752 91435 0.000507
155499 95809 0.000514
155790 97758 0.000532
149025 88227 0.000506
156367 95227 0.000521
159199 87811 0.000524
160190 88316 0.000524
157893 91237 0.000519
152307 91273 0.000519
155194 91612 0.000518
157467 90669 0.000520
148522 90361 0.000504
157076 93807 0.000515
166468 94406 0.000539
171554 98975 0.000549
155103 97236 0.000519
163389 93538 0.000529
161307 89125 0.000526
156823 93268 0.000519
181165 105040 0.000569
163316 95218 0.000532
160995 94519 0.000536
167427 104395 0.000540
152950 94012 0.000539
165003 100702 0.000532
160387 89476 0.000525
159365 93457 0.000526
162611 95044 0.000551
162280 88641 0.000530
158752 88751 0.000522
153874 93117 0.000514
151714 89162 0.000507
157623 87319 0.000519
170895 108573 0.000552
176907 116677 0.000567
166414 95243 0.000536
157229 87370 0.000518
153725 90553 0.000513
157537 83956 0.000519
162923 89282 0.000531
161357 90320 0.000545
161425 96380 0.000528
164056 92391 0.000535
153928 91539 0.000514
172955 104818 0.000549
150160 90533 0.000505
155749 86339 0.000534
160536 87907 0.000528
168878 95396 0.000541
159621 95669 0.000523
168707 101555 0.000548
161316 91498 0.000529
165213 93269 0.000553
157741 95912 0.000522
158497 94430 0.000521
162875 104152 0.000529
158479 85575 0.000520
169336 97823 0.000547
180854 98702 0.000570

341262 201744 0.001091
344074 207254 0.001107
330220 193680 0.001072
332366 190314 0.001102
332030 197696 0.001078
338739 211533 0.001091
334830 184567 0.001090
344227 185696 0.001099
345744 196234 0.001101
360478 190692 0.001138
346722 206863 0.001111
355272 215613 0.001150
348396 201415 0.001120
345798 190894 0.001100
353442 207044 0.001122
354557 186328 0.001129
346959 192231 0.001101
337291 195547 0.001092
335985 200186 0.001092
352935 229381 0.001116
349238 213412 0.001111
336479 184241 0.001095
367598 215181 0.001158
354064 213111 0.001126
343924 203835 0.001112
344370 208663 0.001099
337727 198096 0.001084
348411 180877 0.001116
347761 205121 0.001111
344632 196164 0.001103
352361 210227 0.001126
346762 206040 0.001103
346744 210267 0.001110
356357 207956 0.001132
351891 204126 0.001118
349916 179950 0.001105
363031 210254 0.001149
342230 209520 0.001099
345830 215823 0.001111
331111 178369 0.001077
335761 188791 0.001083
360049 216581 0.001140
350315 207438 0.001119
336944 190468 0.001089
333964 210847 0.001085
357251 197413 0.001136
347131 200296 0.001110
323074 180318 0.001056
352662 223610 0.001132
375151 252926 0.001176
350741 184628 0.001110
366997 215807 0.001149
341631 206672 0.001098
336380 197635 0.001083
341524 185273 0.001097
361985 207754 0.001136
346269 203184 0.001107
334783 192120 0.001087
362029 209232 0.001137
340159 189040 0.001088
338407 185869 0.001088
363901 218895 0.001149
340802 197992 0.001097
344287 185798 0.001097
368952 207583 0.001153
332051 193999 0.001069
333456 188296 0.001077
350297 198808 0.001113
353168 188647 0.001117
352370 219196 0.001123
354162 202558 0.001123
345390 215498 0.001105
344203 192563 0.001099
361734 218910 0.001148
357087 227444 0.001133
330018 190530 0.001067
353060 201669 0.001117
357034 220627 0.001130
364142 204544 0.001136
376147 253735 0.001191
339341 201514 0.001094
324233 183509 0.001060
342704 199764 0.001105
367271 205649 0.001150
351871 206514 0.001115
345745 192983 0.001108
333147 204546 0.001081
349589 208349 0.001118
360198 216604 0.001145
334538 196935 0.001078
365491 208202 0.001143
359086 215666 0.001141
365047 207973 0.001145
375046 199954 0.001160
347989 196899 0.001117
346003 186198 0.001102
347073 202379 0.001108
342980 199968 0.001107
345767 201763 0.001109
339090 207981 0.001086

722445 418964 0.002278
732790 407221 0.002305
726244 423814 0.002290
752087 453803 0.002349
747289 447990 0.002338
750282 462237 0.002340
757411 442434 0.002351
731156 386915 0.002288
816455 465223 0.002480
759663 425501 0.002350
758688 446538 0.002382
797264 488771 0.002449
769931 441747 0.002378
740463 424188 0.002325
768711 431101 0.002387
736598 437491 0.002311
723489 434660 0.002285
729555 397341 0.002302
768576 419863 0.002372
741967 414447 0.002312
752270 453188 0.002354
754890 427980 0.002353
737813 440203 0.002302
747501 444848 0.002340
755090 462455 0.002359
757434 424333 0.002345
743161 438330 0.002326
758677 428780 0.002354
740317 416942 0.002306
743549 439294 0.002328
735692 452983 0.002326
758002 429846 0.002353
780127 460136 0.002398
754838 458130 0.002359
766383 460591 0.002384
802229 464933 0.002447
747293 392549 0.002326
743328 421507 0.002328
883101 549377 0.002619
729841 413184 0.002294
782460 430360 0.002411
768584 443580 0.002371
828796 498188 0.002507
728613 435943 0.002301
774043 431295 0.002397
743252 480701 0.002332
742016 424682 0.002329
750974 455021 0.002342
752882 402885 0.002325
757398 437610 0.002364
746404 406039 0.002336
733450 415683 0.002292
738353 409665 0.002315
763109 438690 0.002366
782321 457677 0.002404
745670 439475 0.002329
815126 488887 0.002496
766609 407678 0.002372
738590 426152 0.002305
738246 431751 0.002318
738350 411419 0.002311
753128 446051 0.002367
721359 405004 0.002291
767380 421894 0.002375
731446 433552 0.002298
747539 443626 0.002346
728085 416025 0.002332
749081 435992 0.002325
732079 440212 0.002301
792481 430533 0.002426
733316 427657 0.002305
754841 430148 0.002347
782140 443926 0.002405
749418 436554 0.002342
727626 400682 0.002275
790225 451500 0.002420
768837 453412 0.002389
750851 449512 0.002346
769894 485558 0.002393
717334 419750 0.002274
741950 418332 0.002323
762863 442322 0.002357
776867 422212 0.002391
744259 410143 0.002336
766534 429469 0.002367
727471 397288 0.002293
724822 385401 0.002290
771747 401752 0.002367
736281 411237 0.002322
759462 427954 0.002362
780530 435275 0.002387
754820 456061 0.002367
803041 478804 0.002456
791768 402548 0.002408
782310 440825 0.002400
725010 410975 0.002289
721589 420815 0.002280
761398 409268 0.002355
748153 423431 0.002330
716843 393034 0.002268